2138, 0.00257854, -0.000408414, -0.0262329
2146, -0.00317821, 0.00174444, -0.0304438
34817, -0.00169033, -0.0055648, -0.030208
34886, -0.00315033, -0.000746434, -0.0271558
35005, -0.00273052, -0.00318292, -0.0294505
35009, -0.00291622, -0.00278191, -0.0290662
35010, -0.00301446, -0.00247669, -0.0285838
35011, -0.00309191, -0.00210965, -0.0281609
35012, -0.00317179, -0.00175974, -0.0278296
35013, -0.00317844, -0.00141429, -0.0273898
35014, -0.00314497, -0.00101574, -0.0272574
35051, -0.00178723, -0.00551739, -0.0301372
35052, -0.00192236, -0.00529618, -0.0302793
35053, -0.00204408, -0.00509698, -0.0304148
35054, -0.00213744, -0.00480154, -0.0303498
35055, -0.00227575, -0.00443059, -0.0302962
35056, -0.00242741, -0.00402324, -0.030127
35057, -0.00257736, -0.00359732, -0.0298631
35223, -0.00275503, 0.00133272, -0.0289035
35227, -0.00275616, 0.00150339, -0.0293027
35228, -0.00279724, 0.00163824, -0.029616
35229, -0.00283343, 0.00174751, -0.0299171
35230, -0.00291532, 0.00180316, -0.0301364
35231, -0.00297902, 0.00180703, -0.0302967
35232, -0.0030447, 0.00181094, -0.0303885
35233, -0.00310845, 0.00178923, -0.0304401
35276, -0.00325703, -0.000497129, -0.0273086
35277, -0.003217, -0.000269858, -0.0274466
35278, -0.00306956, 3.96453e-05, -0.0275852
35279, -0.00291523, 0.000397587, -0.0277962
35280, -0.00282431, 0.000662773, -0.0280384
35281, -0.00279676, 0.000931217, -0.0282302
35282, -0.00276779, 0.00113279, -0.0285236
35816, 0.000793844, -0.00212915, -0.0257311
35935, 0.00209927, -0.00113335, -0.0261626
35939, 0.00202295, -0.0013213, -0.0260737
35940, 0.00188556, -0.00145361, -0.02592
35941, 0.00174602, -0.00156455, -0.0257093
35942, 0.00149187, -0.00165324, -0.025663
35943, 0.00127374, -0.00177831, -0.0255857
35944, 0.00111874, -0.00200825, -0.0256183
35981, 0.00256756, -0.000478635, -0.0263072
35982, 0.00253971, -0.000556128, -0.0262565
35983, 0.00257959, -0.000663327, -0.0262399
35984, 0.00260255, -0.000770093, -0.026214
35985, 0.00248333, -0.000878915, -0.0263274
35986, 0.00242851, -0.000986735, -0.0262509
35987, 0.00231923, -0.00111056, -0.0262345
36153, -0.000519233, -0.00422022, -0.0291558
36157, -0.000682099, -0.00452244, -0.0295143
36158, -0.000840381, -0.00481987, -0.0298945
36159, -0.00101895, -0.00501046, -0.0300544
36160, -0.00121309, -0.00525319, -0.0301737
36161, -0.0013593, -0.00544292, -0.0301985
36162, -0.00148267, -0.00558241, -0.0301868
36163, -0.00157803, -0.00561496, -0.0301051
36206, 0.000627446, -0.00247361, -0.0259064
36207, 0.000507324, -0.00276836, -0.0262047
36208, 0.000228365, -0.00294627, -0.0266054
36209, 0.000151095, -0.0032739, -0.0270826
36210, 2.30033e-05, -0.00353452, -0.0276004
36211, -0.000100825, -0.00374376, -0.0280452
36212, -0.000290564, -0.00398999, -0.0287452
36793, -0.00210071, 0.00727711, -0.0297758
37293, -0.00369217, 0.00406862, -0.0270507
37328, -0.00329958, 0.00620656, -0.0292656
37333, -0.00340322, 0.00593224, -0.0287817
37334, -0.00349675, 0.00565115, -0.0282653
37336, -0.0035922, 0.00536097, -0.0279866
37337, -0.00365246, 0.00506848, -0.0275907
37338, -0.00364447, 0.00473002, -0.0272999
37339, -0.00366774, 0.00441989, -0.0270141
37384, -0.00222483, 0.00735251, -0.0297834
37385, -0.00237868, 0.00738855, -0.0299153
37386, -0.00247324, 0.00733491, -0.0298411
37387, -0.0026599, 0.00720884, -0.0300262
37388, -0.00279987, 0.00703231, -0.0299325
37389, -0.00293458, 0.00672435, -0.0298044
37392, -0.00312069, 0.00648119, -0.0296
37604, -0.00316185, 0.00202523, -0.0288757
37608, -0.00316979, 0.00189165, -0.0292113
37609, -0.00318842, 0.00177467, -0.0295404
37610, -0.00321165, 0.00169389, -0.0298129
37611, -0.00321964, 0.00165466, -0.0300412
37612, -0.00324025, 0.00164528, -0.0302109
37613, -0.00322999, 0.00165499, -0.0303333
37614, -0.00321222, 0.00168109, -0.0304144
37667, -0.00365367, 0.00381141, -0.027163
37668, -0.00363095, 0.00351837, -0.0272087
37669, -0.00357499, 0.00327099, -0.0275008
37670, -0.00348373, 0.00301545, -0.0277936
37673, -0.00335901, 0.00269976, -0.0279675
37675, -0.0032825, 0.00249029, -0.0281774
37676, -0.00318191, 0.00225685, -0.0285245
39096, 0.000444286, 0.00219344, -0.0265076
39126, 0.0016343, 0.000823589, -0.0273572
39130, 0.0015727, 0.00109899, -0.0272751
39131, 0.0014449, 0.0013137, -0.0270163
39132, 0.001304, 0.00155314, -0.0268781
39133, 0.00113567, 0.00175483, -0.026799
39134, 0.000969644, 0.00189293, -0.0266459
39135, 0.000710382, 0.00200344, -0.026538
39173, 0.00243846, -0.000337971, -0.0263914
39174, 0.00228524, -0.000221333, -0.0265797
39175, 0.00216704, -8.46482e-05, -0.0268075
39176, 0.00211703, 4.29503e-05, -0.0269144
39177, 0.00188159, 0.000183764, -0.027166
39178, 0.0017291, 0.000387805, -0.0273383
39179, 0.00168731, 0.000616659, -0.0273653
39340, -0.000949812, 0.00504174, -0.0290674
39344, -0.00119998, 0.00544892, -0.029413
39345, -0.00130855, 0.00591906, -0.0295895
39346, -0.00142778, 0.00636964, -0.0297592
39347, -0.0015441, 0.0067365, -0.0297351
39348, -0.0016706, 0.0069893, -0.0297298
39349, -0.0017948, 0.00715941, -0.0296896
39350, -0.00196079, 0.00716796, -0.0297467
39395, 0.000191124, 0.00244087, -0.0265539
39396, -3.4408e-05, 0.00272879, -0.0266972
39397, -0.000240513, 0.0030516, -0.0269043
39398, -0.000418807, 0.00352881, -0.0272246
39399, -0.00053001, 0.00389637, -0.0276914
39400, -0.000662014, 0.00427317, -0.028077
39401, -0.000777628, 0.00467024, -0.0285088
