904, -0.00286969, 0.000645617, -0.0145352
1037, -0.00311173, 0.0012893, -0.0153868
26970, -0.0030567, -0.00254685, -0.0137801
27462, -0.00334201, -0.000607619, -0.014636
27493, -0.00358962, -0.00185313, -0.0140948
27522, -0.00357391, -0.0013765, -0.0142944
27527, -0.00359112, -0.00154797, -0.014227
27528, -0.00359741, -0.00170812, -0.0141548
27535, -0.00348272, -0.00100337, -0.0144608
27536, -0.003419, -0.000810488, -0.0145443
27537, -0.00353595, -0.00119106, -0.014374
27568, -0.00339266, -0.00231138, -0.0139077
27575, -0.00323181, -0.00245748, -0.0138358
27576, -0.00331588, -0.00239393, -0.0138695
27577, -0.00315096, -0.00250763, -0.0138103
27584, -0.00351481, -0.00211344, -0.0139853
27585, -0.00355951, -0.00199027, -0.0140374
27586, -0.00345981, -0.00221605, -0.0139478
27706, -0.00294423, 0.000769121, -0.0152036
27739, -0.00305788, 0.00108313, -0.0153044
27746, -0.00301348, 0.00094637, -0.01526
27747, -0.00303541, 0.00101603, -0.0152794
27748, -0.00297893, 0.00087221, -0.0152359
27755, -0.00309025, 0.00119485, -0.0153495
27756, -0.00310377, 0.00124191, -0.0153715
27757, -0.00307804, 0.0011419, -0.0153272
27788, -0.00299887, 0.0001763, -0.0149947
27795, -0.00316354, -0.000206924, -0.0148255
27796, -0.00307641, -1.32529e-05, -0.0149121
27797, -0.00325756, -0.000406756, -0.0147337
27804, -0.00290751, 0.000507332, -0.0151229
27805, -0.00292509, 0.000647906, -0.0151711
27806, -0.00294869, 0.000344646, -0.0150642
28397, -0.00252271, -0.00107627, -0.0140315
28428, -0.00275048, 3.27801e-05, -0.0143886
28457, -0.00273365, -0.000378954, -0.0142813
28462, -0.00274822, -0.000221643, -0.0143364
28463, -0.00275362, -8.5719e-05, -0.0143645
28470, -0.00263946, -0.000719221, -0.0141647
28471, -0.00257679, -0.000899367, -0.0141067
28472, -0.00268638, -0.000541878, -0.0142335
28503, -0.00275306, 0.000384462, -0.0144717
28510, -0.00280054, 0.00052314, -0.014507
28511, -0.00277187, 0.000453961, -0.0144909
28512, -0.00283413, 0.000589384, -0.0145219
28519, -0.00273349, 0.000230176, -0.0144297
28520, -0.00273819, 0.000137045, -0.0144109
28521, -0.0027349, 0.000310714, -0.0144489
28639, -0.0024297, -0.0022693, -0.0137074
28672, -0.00269742, -0.00253678, -0.0137084
28679, -0.00254804, -0.00243738, -0.0136997
28680, -0.00261515, -0.00249214, -0.0137035
28681, -0.00248216, -0.00236316, -0.0136985
28688, -0.0028703, -0.00256899, -0.013743
28689, -0.0029626, -0.00256743, -0.0137594
28690, -0.00277662, -0.0025619, -0.0137251
28721, -0.0023688, -0.00175402, -0.0138155
28728, -0.00242266, -0.00143248, -0.0139168
28729, -0.00239195, -0.00159981, -0.0138721
28730, -0.0024699, -0.00125692, -0.0139779
28737, -0.00237217, -0.00203788, -0.0137461
28738, -0.00239835, -0.00215874, -0.0137268
28739, -0.00236722, -0.00190224, -0.0137822
28908, -0.00297339, 0.00421931, -0.0148834
28979, -0.0033745, 0.00298716, -0.0153564
29096, -0.00353428, 0.00393115, -0.0150791
29107, -0.00355359, 0.00360595, -0.0151899
29112, -0.00356525, 0.00372551, -0.0151481
29113, -0.0035559, 0.00383839, -0.015113
29119, -0.00349527, 0.0033124, -0.0152669
29120, -0.00344272, 0.00315389, -0.0153108
29121, -0.00352929, 0.00345968, -0.0152301
29150, -0.00331015, 0.00417278, -0.0149781
29156, -0.00314503, 0.00421882, -0.0149312
29157, -0.00322935, 0.00420102, -0.0149548
29158, -0.00306113, 0.00422143, -0.014905
29165, -0.00343899, 0.00407945, -0.0150222
29166, -0.00349841, 0.00401384, -0.0150438
29167, -0.00337784, 0.00413213, -0.0150005
29330, -0.00301439, 0.00174714, -0.0155063
29346, -0.00312371, 0.00147643, -0.0154269
29352, -0.0030818, 0.00159529, -0.0154708
29353, -0.00310673, 0.00153214, -0.0154436
29354, -0.00305143, 0.00166035, -0.0154852
29364, -0.00312826, 0.00137905, -0.0154099
29365, -0.00312327, 0.00133534, -0.0153995
29366, -0.00312931, 0.00142428, -0.0154168
29402, -0.00305275, 0.00229308, -0.0155125
29408, -0.00320745, 0.00263783, -0.015446
29409, -0.00312343, 0.00246489, -0.0154837
29410, -0.00329385, 0.00281511, -0.0154006
29417, -0.00297853, 0.00197979, -0.0155367
29418, -0.00298825, 0.00184912, -0.0155252
29419, -0.00300818, 0.00213324, -0.0155318
29955, -0.00279628, 0.00241834, -0.0147454
30072, -0.00313024, 0.00122863, -0.0147039
30083, -0.00313028, 0.00165913, -0.014771
30088, -0.00315104, 0.00148802, -0.0147668
30089, -0.00315314, 0.0013488, -0.014732
30095, -0.00297793, 0.00202751, -0.0147782
30096, -0.00288822, 0.00222275, -0.0147636
30097, -0.0030633, 0.00183704, -0.0147831
30126, -0.00300852, 0.000891732, -0.0145799
30132, -0.00294351, 0.000760059, -0.0145562
30133, -0.00297644, 0.000823609, -0.0145685
30134, -0.00290233, 0.000703262, -0.0145455
30141, -0.00306937, 0.00104139, -0.0146291
30142, -0.00310304, 0.0011283, -0.0146656
30143, -0.00303756, 0.00096353, -0.0146006
30290, -0.00245094, 0.00373544, -0.0147161
30302, -0.00264848, 0.00408179, -0.0147905
30308, -0.00252973, 0.00393887, -0.0147514
30309, -0.00258615, 0.00401523, -0.0147744
30310, -0.0024826, 0.00384502, -0.0147308
30317, -0.0028024, 0.0041739, -0.0148418
30318, -0.00288516, 0.00420195, -0.0148579
30319, -0.00272404, 0.00413482, -0.0148191
30351, -0.00249849, 0.00316156, -0.0147084
30357, -0.00261522, 0.00280731, -0.0147248
30358, -0.00254583, 0.00299082, -0.014712
30359, -0.00270426, 0.00261621, -0.014744
30366, -0.0024438, 0.00347686, -0.0147064
30367, -0.0024361, 0.00361246, -0.0147079
30368, -0.00246252, 0.00332619, -0.0147029
