2141, -0.00407097, -0.000327178, -0.0293505
2142, -0.00300434, 0.00179677, -0.0321815
34814, -0.00173947, 0.00302965, -0.0344322
34889, 0.00147286, 0.00747987, -0.030563
35002, 0.00155973, 0.00471473, -0.0337038
35017, 0.00223682, 0.00636844, -0.0321599
35022, 0.00225078, 0.00597812, -0.0325092
35023, 0.00199306, 0.00530344, -0.0332123
35030, 0.00215227, 0.00712351, -0.0310647
35031, 0.00188423, 0.00736138, -0.0309512
35032, 0.00225939, 0.00674271, -0.0315343
35060, -0.000624865, 0.00324286, -0.0345272
35067, -0.00134447, 0.00317828, -0.0344861
35068, -0.00101528, 0.00312704, -0.0347075
35069, -0.00152722, 0.00320915, -0.0343505
35076, 0.000473805, 0.00370957, -0.0344491
35077, 0.00106925, 0.00422097, -0.0339765
35078, -0.000123242, 0.00340897, -0.0345336
35220, -0.00251541, 0.00426116, -0.0311203
35236, -0.00275245, 0.00309819, -0.0320092
35243, -0.00268762, 0.00360754, -0.031651
35244, -0.00273059, 0.00333854, -0.0318568
35245, -0.00258536, 0.00395783, -0.0313892
35252, -0.00289899, 0.00245891, -0.0321494
35253, -0.00296741, 0.00215939, -0.0321431
35254, -0.00284054, 0.00279117, -0.0321476
35285, -0.00109326, 0.00642533, -0.0306985
35292, 0.000376592, 0.00723738, -0.0307668
35293, -0.000268339, 0.00699549, -0.030627
35294, 0.000932581, 0.00745762, -0.0307048
35301, -0.00215793, 0.00520106, -0.0307174
35302, -0.00242774, 0.00465986, -0.0308942
35303, -0.00166809, 0.00582045, -0.0308095
35819, -0.00598373, 0.00538891, -0.0295695
35932, -0.0035853, 0.00316171, -0.0292876
35947, -0.00479293, 0.0046405, -0.0291503
35952, -0.00443467, 0.00429029, -0.0291011
35953, -0.0039888, 0.0038162, -0.0292702
35960, -0.00547703, 0.00515308, -0.0291187
35961, -0.0057429, 0.00529266, -0.02943
35962, -0.00513946, 0.00497674, -0.0291325
35990, -0.00336109, 0.000751951, -0.029238
35997, -0.00389014, 2.61202e-05, -0.0293052
35998, -0.00359839, 0.000319459, -0.0293341
35999, -0.00402996, -0.000116345, -0.029206
36006, -0.00315337, 0.00185797, -0.0293447
36007, -0.00334069, 0.0024798, -0.0292441
36008, -0.003207, 0.00129199, -0.0293326
36150, -0.00506123, 0.00338792, -0.0334852
36166, -0.00292609, 0.00270288, -0.0343982
36173, -0.00397353, 0.00279463, -0.0342778
36174, -0.00332661, 0.00270298, -0.0343745
36175, -0.00457425, 0.00308912, -0.0337786
36182, -0.0021547, 0.00293622, -0.0344624
36183, -0.00197274, 0.00305201, -0.0343373
36184, -0.00247187, 0.00267799, -0.0346184
36215, -0.00625988, 0.00472523, -0.0312687
36222, -0.00627192, 0.0052047, -0.0303453
36223, -0.00637806, 0.00504564, -0.0307031
36224, -0.00623151, 0.005325, -0.0298693
36231, -0.00582655, 0.00420644, -0.0323098
36232, -0.00547667, 0.00377598, -0.0330358
36233, -0.00604882, 0.00445626, -0.031847
36796, -0.00206228, -0.000730784, -0.0339417
37290, 0.00107519, -0.00404976, -0.0305435
37331, 0.000964872, -0.00138419, -0.033422
37364, 0.00182689, -0.0028797, -0.031843
37369, 0.00169598, -0.00248487, -0.0322462
37370, 0.00142386, -0.00186171, -0.0328032
37376, 0.00172726, -0.00370337, -0.0308914
37377, 0.00145785, -0.00394983, -0.0307653
37380, 0.00186326, -0.00332452, -0.0314242
37422, -0.00107768, -0.000417237, -0.0339977
37428, -0.00176786, -0.000598349, -0.0339728
37429, -0.00150062, -0.000412195, -0.0341223
37430, -0.00194319, -0.000726385, -0.0338406
37437, -8.5321e-05, -0.000609651, -0.0340188
37438, 0.000456085, -0.00100835, -0.0336217
37445, -0.000594995, -0.000430377, -0.0341134
37607, -0.00293804, -0.000717546, -0.0310266
37638, -0.00305833, 0.000503882, -0.0318501
37647, -0.00302814, -0.000111707, -0.0315859
37649, -0.00306293, 0.000194265, -0.0317132
37650, -0.00298044, -0.000415803, -0.0313503
37659, -0.00307649, 0.00112416, -0.0320888
37661, -0.00302671, 0.00145147, -0.0321151
37662, -0.00306329, 0.000810971, -0.0320502
37730, -0.00159677, -0.0029088, -0.0305855
37740, -0.00011828, -0.00384154, -0.0306179
37742, -0.000761345, -0.00351582, -0.030548
37744, 0.00050656, -0.00402236, -0.0304082
37759, -0.00251567, -0.001725, -0.0306516
37766, -0.00284, -0.00112723, -0.0308116
37767, -0.00217873, -0.00225804, -0.0306761
39093, -0.00626583, -0.00507648, -0.0306623
39129, -0.00442899, -0.00333282, -0.0311855
39155, -0.00518344, -0.00443677, -0.0310979
39160, -0.00499764, -0.00411809, -0.030996
39161, -0.00465268, -0.00377772, -0.0310985
39167, -0.00575144, -0.00495248, -0.0307924
39168, -0.00601728, -0.00505459, -0.0308155
39169, -0.00549019, -0.00481674, -0.031035
39201, -0.00400201, -0.00135108, -0.0302061
39207, -0.00409566, -0.00067614, -0.0297784
39208, -0.00402034, -0.000966006, -0.0300786
39209, -0.00407489, -0.000491223, -0.029401
39216, -0.00404108, -0.00234353, -0.0308514
39217, -0.00422752, -0.00283567, -0.0309203
39218, -0.00401997, -0.00183043, -0.0305161
39343, -0.00540448, -0.00200496, -0.0332929
39374, -0.0031073, -0.000640099, -0.0339497
39380, -0.0041459, -0.000946073, -0.0339217
39381, -0.00354031, -0.000770521, -0.0340001
39382, -0.00481106, -0.00144827, -0.033476
39389, -0.00236085, -0.0007077, -0.0339766
39390, -0.00222105, -0.00076912, -0.0339031
39391, -0.00262543, -0.000528758, -0.0340887
39423, -0.00668098, -0.00421162, -0.0313468
39429, -0.00662709, -0.00487058, -0.0309723
39430, -0.00670986, -0.00458953, -0.0310833
39431, -0.00645644, -0.00503505, -0.0306563
39438, -0.0063822, -0.00330937, -0.0322666
39439, -0.00594972, -0.00258279, -0.0327705
39440, -0.00653186, -0.00377944, -0.0319305
