604, -0.00396535, 0.000779038, -0.0114932
711, -0.0102134, 0.00136432, -0.00601345
13765, -0.00546362, -0.000649692, -0.00695195
14264, -0.00661752, 0.0014482, -0.0048108
14387, -0.00622534, -0.00012699, -0.00620594
14414, -0.0063413, 0.000485533, -0.00558175
14416, -0.00631157, 0.000262791, -0.00579962
14417, -0.00627562, 6.19561e-05, -0.006016
14422, -0.00646927, 0.00125791, -0.00495308
14423, -0.00639354, 0.000998181, -0.00511652
14424, -0.00636062, 0.000738648, -0.00531904
14460, -0.00590946, -0.000627641, -0.00678271
14462, -0.00581911, -0.000704877, -0.0068602
14463, -0.0056936, -0.000712319, -0.00687867
14464, -0.00558833, -0.000698905, -0.00695028
14471, -0.00617568, -0.000296705, -0.00642094
14472, -0.00610116, -0.000448828, -0.00652455
14473, -0.00601875, -0.000534603, -0.00666759
14605, -0.00876714, 0.00182463, -0.00529359
14636, -0.00985643, 0.00156363, -0.00577266
14638, -0.00964327, 0.0016347, -0.00568202
14639, -0.00938693, 0.00170455, -0.00556474
14640, -0.00908658, 0.00177793, -0.00543916
14647, -0.0102179, 0.00141492, -0.00597849
14648, -0.0101375, 0.0014651, -0.00592591
14649, -0.010038, 0.00151787, -0.0058811
14685, -0.00752037, 0.00187274, -0.00483057
14687, -0.00723004, 0.00183133, -0.00476321
14688, -0.00700078, 0.00173331, -0.00473445
14689, -0.00678009, 0.00160174, -0.00475568
14696, -0.00845147, 0.00186658, -0.00517343
14697, -0.00812798, 0.00190809, -0.00504545
14698, -0.00781012, 0.00190732, -0.0049389
15194, -0.00408319, 0.000743116, -0.00734245
15317, -0.00405099, 0.0010441, -0.00981201
15344, -0.00410654, 0.000940599, -0.00870689
15346, -0.00409656, 0.00098136, -0.00908612
15347, -0.00407682, 0.00101737, -0.00945562
15352, -0.00408961, 0.000783669, -0.00763811
15353, -0.00410262, 0.000833473, -0.00797324
15354, -0.00411306, 0.000886393, -0.00833594
15390, -0.0039616, 0.000996846, -0.0109987
15392, -0.00395418, 0.000957784, -0.0112041
15393, -0.00395399, 0.000907236, -0.0113643
15394, -0.00395332, 0.000839323, -0.0114576
15401, -0.00402961, 0.00105274, -0.010148
15402, -0.00400158, 0.00105057, -0.010467
15403, -0.00398229, 0.00103497, -0.0107493
15535, -0.00439623, 0.000446398, -0.00642219
15566, -0.00495081, -0.000177107, -0.00672063
15568, -0.00481339, 5.88376e-06, -0.00663887
15569, -0.00467419, 0.000185269, -0.0065381
15570, -0.00453175, 0.000323872, -0.00645507
15577, -0.00532211, -0.000584271, -0.00692104
15578, -0.00520281, -0.000479083, -0.00688482
15579, -0.00507565, -0.000344371, -0.00680421
15615, -0.0040616, 0.00060538, -0.00660561
15617, -0.00403179, 0.000631513, -0.00671349
15618, -0.00403491, 0.000650062, -0.00689448
15619, -0.00404699, 0.000686991, -0.0070876
15626, -0.00426693, 0.000516126, -0.00642398
15627, -0.00416365, 0.000563224, -0.00644431
15628, -0.00409703, 0.000591529, -0.00652233
19491, -0.0043963, 0.000620883, -0.00658152
19548, -0.00610219, 0.000369102, -0.00503028
19573, -0.00507864, 0.000364346, -0.00566092
19586, -0.00545196, 0.000327683, -0.00529268
19588, -0.00531679, 0.000332369, -0.00540356
19589, -0.00519694, 0.000353871, -0.00553339
19594, -0.00591891, 0.000340092, -0.00507136
19595, -0.00574109, 0.000343232, -0.00512092
19596, -0.00559862, 0.000331954, -0.00519307
19629, -0.00470449, 0.000506087, -0.00617706
19631, -0.00462308, 0.000537966, -0.00628252
19632, -0.00454231, 0.0005632, -0.00640366
19633, -0.00446849, 0.00059116, -0.00650136
19640, -0.00498377, 0.000395425, -0.00577911
19641, -0.00487977, 0.000422748, -0.00591598
19642, -0.00478842, 0.000461357, -0.00604871
19784, -0.00844982, 0.000775452, -0.00554731
19798, -0.00967477, 0.00112597, -0.00590592
19800, -0.00941291, 0.00105567, -0.00581912
19801, -0.00912011, 0.000964069, -0.00573038
19802, -0.00879289, 0.000866553, -0.00563917
19809, -0.0101655, 0.0013114, -0.00601662
19810, -0.0100539, 0.00126899, -0.00598156
19811, -0.00990039, 0.00120031, -0.0059593
19847, -0.00707374, 0.000465511, -0.00514028
19849, -0.00679325, 0.00044208, -0.00509433
19850, -0.00653244, 0.000396709, -0.0050499
19851, -0.00629088, 0.000383445, -0.0050442
19858, -0.00808165, 0.0006828, -0.00540083
19859, -0.00772692, 0.000593752, -0.00531402
19860, -0.00739936, 0.000531003, -0.00520339
21733, -0.00388325, 0.00082394, -0.00793847
21778, -0.00405272, 0.000583106, -0.0100484
21791, -0.00402342, 0.000705426, -0.00911698
21793, -0.004043, 0.000657136, -0.00944015
21794, -0.00405258, 0.000615003, -0.00975206
21799, -0.00391811, 0.000811714, -0.00821386
21800, -0.00396993, 0.000782085, -0.0085207
21801, -0.0040059, 0.000741344, -0.00881267
21834, -0.00401029, 0.000578621, -0.0110646
21836, -0.00399272, 0.000609221, -0.0112456
21837, -0.00397598, 0.000657235, -0.0113835
21838, -0.00396812, 0.000713133, -0.011467
21845, -0.00404382, 0.000559538, -0.0103338
21846, -0.00402759, 0.000555647, -0.0105977
21847, -0.00401479, 0.000561796, -0.0108439
21989, -0.0038686, 0.000672421, -0.00694212
22005, -0.00412409, 0.000641697, -0.00681197
22007, -0.00406182, 0.00064613, -0.00684555
22008, -0.00399787, 0.000640047, -0.00688795
22009, -0.00392958, 0.000650619, -0.00692157
22016, -0.0043287, 0.000632584, -0.00665683
22017, -0.0042624, 0.000637954, -0.00671912
22018, -0.00419562, 0.000635452, -0.0067663
22054, -0.00375283, 0.000786812, -0.00722012
22056, -0.00376808, 0.000807301, -0.00734504
22057, -0.00378937, 0.000827239, -0.00751758
22058, -0.00382506, 0.000839587, -0.00771107
22065, -0.00381894, 0.000697091, -0.00698555
22066, -0.003777, 0.000728732, -0.00704263
22067, -0.00375731, 0.000759133, -0.00712212
