653, -0.00485114, 0.00274676, -0.0316976
662, -0.0132083, 0.0036528, -0.0292567
15639, -0.00602592, -0.0055457, -0.0318327
15706, -0.0102845, -0.000507248, -0.0287713
15827, -0.00813578, -0.00248166, -0.0312619
15856, -0.00914794, -0.00153353, -0.0299402
15861, -0.00885985, -0.00183876, -0.0304964
15862, -0.00850275, -0.00214495, -0.0308709
15869, -0.00964097, -0.000995485, -0.0291173
15870, -0.00998026, -0.000681565, -0.0288761
15871, -0.00940215, -0.0012611, -0.0294584
15902, -0.00676186, -0.00423741, -0.0319825
15909, -0.0063574, -0.00521131, -0.0317597
15910, -0.00651245, -0.00470995, -0.0319437
15911, -0.00619031, -0.00546251, -0.0317393
15918, -0.00742856, -0.00337809, -0.0318168
15919, -0.00774865, -0.0028164, -0.0316104
15920, -0.00704427, -0.00376406, -0.0319381
16045, -0.0117235, 0.00164654, -0.0294614
16078, -0.0126058, 0.00289321, -0.0294621
16085, -0.0121044, 0.00234786, -0.0295324
16086, -0.0123778, 0.00260814, -0.0294503
16087, -0.0118934, 0.00201604, -0.0294913
16094, -0.012967, 0.00331657, -0.0293218
16095, -0.0130852, 0.00349312, -0.0293203
16096, -0.0127843, 0.00311898, -0.0293643
16127, -0.0112475, 0.000511446, -0.0287918
16134, -0.0107583, 4.18847e-05, -0.0285167
16135, -0.0109612, 0.000330573, -0.0285186
16136, -0.0105267, -0.000192, -0.0286406
16143, -0.0115306, 0.00103601, -0.0289522
16144, -0.0116683, 0.00126598, -0.0291183
16145, -0.0113524, 0.000768042, -0.0288654
16636, -0.00361529, -0.00161128, -0.0284364
16757, -0.00511335, 0.0016535, -0.0301803
16786, -0.00483021, 0.000396208, -0.0292388
16791, -0.00502299, 0.000915053, -0.0295423
16792, -0.00507108, 0.00129941, -0.029838
16799, -0.00423194, -0.000627605, -0.0287581
16800, -0.00394115, -0.00111354, -0.0285538
16801, -0.00451191, -0.000115051, -0.0289916
16832, -0.00493571, 0.00245346, -0.0313723
16839, -0.00486364, 0.00263833, -0.0316544
16840, -0.00490361, 0.00255951, -0.031536
16841, -0.00486218, 0.00269848, -0.0316981
16848, -0.00503623, 0.00215128, -0.0308445
16849, -0.00510543, 0.00193976, -0.0305155
16850, -0.00498071, 0.0023156, -0.031141
16975, -0.00385928, -0.00382393, -0.0309313
17008, -0.00520072, -0.00489885, -0.0318374
17015, -0.0045496, -0.00440477, -0.0316282
17016, -0.00485718, -0.00464216, -0.0317618
17017, -0.004186, -0.00411791, -0.0312602
17024, -0.00563671, -0.00546715, -0.031761
17025, -0.00586742, -0.00549141, -0.0318804
17026, -0.00545177, -0.00522702, -0.0318366
17057, -0.00309483, -0.00294071, -0.0291141
17064, -0.00314977, -0.00238446, -0.0285093
17065, -0.00309688, -0.00266235, -0.0287653
17066, -0.00335736, -0.00201849, -0.0283435
17073, -0.00334016, -0.00335335, -0.0300625
17074, -0.00356547, -0.00360841, -0.030494
17075, -0.0031447, -0.00319934, -0.0295588
17614, -0.00579569, 0.0115288, -0.0314595
18103, -0.0104296, 0.00757655, -0.0288033
18130, -0.00808823, 0.00911838, -0.031096
18141, -0.0091448, 0.00830116, -0.0297943
18146, -0.00887349, 0.0085998, -0.0302059
18147, -0.00852433, 0.00888851, -0.0305619
18153, -0.00981876, 0.00790291, -0.0289901
18154, -0.0100667, 0.0076748, -0.0288012
18155, -0.00944011, 0.00806263, -0.0294122
18184, -0.00668798, 0.0106932, -0.0315917
18190, -0.00620589, 0.011306, -0.0316731
18191, -0.00642408, 0.0110592, -0.0315821
18192, -0.00598997, 0.0114329, -0.0315886
18199, -0.00732847, 0.00983271, -0.0316064
18200, -0.0077002, 0.00946973, -0.0313397
18201, -0.00695834, 0.0102089, -0.0315973
18341, -0.0120383, 0.0056786, -0.0293772
18353, -0.0125699, 0.00439772, -0.0294821
18359, -0.0122913, 0.00496716, -0.0295247
18360, -0.0124917, 0.00468277, -0.0294995
18361, -0.0121444, 0.00532812, -0.0295275
18368, -0.0129974, 0.00392824, -0.0293441
18369, -0.0131827, 0.00377205, -0.0292522
18370, -0.0127222, 0.00416159, -0.0293605
18402, -0.0115053, 0.00667903, -0.0286401
18408, -0.0108952, 0.00702463, -0.0285726
18409, -0.0111557, 0.00682341, -0.0285435
18410, -0.010662, 0.00735691, -0.0285853
18417, -0.0119127, 0.00631462, -0.0290454
18418, -0.0120222, 0.00603456, -0.0293063
18419, -0.0117874, 0.00657263, -0.028827
19035, -0.00344823, 0.00721173, -0.0281835
19062, -0.00510356, 0.00386815, -0.0300703
19073, -0.00477617, 0.00518477, -0.0290605
19078, -0.00497868, 0.00467507, -0.0294073
19079, -0.00504135, 0.00422051, -0.0297506
19085, -0.00413905, 0.00622296, -0.0286277
19086, -0.00379577, 0.00673424, -0.0284684
19087, -0.00451285, 0.00567884, -0.0289041
19116, -0.00494996, 0.00304216, -0.031271
19122, -0.00489205, 0.00286285, -0.0315762
19123, -0.00489599, 0.00293375, -0.0314466
19124, -0.00486223, 0.00279166, -0.0316615
19131, -0.00503788, 0.00338764, -0.0307532
19132, -0.00507579, 0.0036239, -0.0304093
19133, -0.00499668, 0.00318514, -0.0310342
19273, -0.00363439, 0.0096273, -0.0306551
19285, -0.00487941, 0.0108221, -0.0314085
19291, -0.00426777, 0.0102415, -0.0311905
19292, -0.00460584, 0.0104556, -0.0314056
19293, -0.00396589, 0.00988654, -0.0309314
19300, -0.00542593, 0.0112912, -0.0315223
19301, -0.00559495, 0.011508, -0.0314592
19302, -0.00515432, 0.0109898, -0.0315306
19334, -0.00301167, 0.0084982, -0.0288244
19340, -0.00311056, 0.00789269, -0.0283702
19341, -0.00305985, 0.00818379, -0.0285427
19342, -0.00323158, 0.00757933, -0.0281936
19349, -0.00320711, 0.00903595, -0.0296221
19350, -0.00342271, 0.00927759, -0.0301327
19351, -0.00298787, 0.00883827, -0.0293245
