657, -0.0054042, 0.00285689, -0.0341687
658, -0.00411407, 0.00388219, -0.0337822
15635, -0.00614057, 0.00554712, -0.0378573
15710, -0.00148595, 0.00964759, -0.0339876
15823, -0.0024139, 0.00705945, -0.0373168
15838, -0.00136608, 0.00866259, -0.0356727
15843, -0.00154597, 0.0082544, -0.0361366
15844, -0.00187946, 0.00763014, -0.0368078
15851, -0.0012209, 0.00931675, -0.0346285
15852, -0.00130951, 0.00948831, -0.0342734
15853, -0.0012357, 0.00903588, -0.0351352
15881, -0.00484565, 0.00556109, -0.0379685
15888, -0.00570194, 0.00556951, -0.0378996
15889, -0.00536916, 0.00546518, -0.0381626
15890, -0.00596806, 0.00559476, -0.0377195
15897, -0.00368481, 0.00603336, -0.0380901
15898, -0.00298965, 0.00657317, -0.0375703
15899, -0.00427035, 0.00578458, -0.0380732
16041, -0.00422952, 0.00712915, -0.0340494
16057, -0.00456924, 0.00483706, -0.0338872
16064, -0.00467451, 0.00593617, -0.0341112
16065, -0.0047018, 0.00531962, -0.0339745
16066, -0.00447889, 0.00651891, -0.0340153
16073, -0.00424761, 0.00416635, -0.0337555
16074, -0.00414586, 0.00402202, -0.0337099
16075, -0.00446513, 0.00444002, -0.033879
16106, -0.00271898, 0.00919446, -0.0336298
16113, -0.00203698, 0.00958985, -0.0336947
16114, -0.00238286, 0.00947016, -0.033555
16115, -0.00170809, 0.00970176, -0.0337653
16122, -0.00347095, 0.0082949, -0.0336776
16123, -0.00387867, 0.00776829, -0.0339399
16124, -0.00312218, 0.00876162, -0.0336833
16640, -0.00928195, 0.00892741, -0.0330709
16753, -0.00560241, 0.0055027, -0.0332555
16768, -0.00651545, 0.00717885, -0.0329865
16773, -0.00600796, 0.00648678, -0.0328693
16774, -0.00576605, 0.00598639, -0.0330467
16781, -0.00792744, 0.0084333, -0.032947
16782, -0.00862971, 0.00875289, -0.0330548
16783, -0.00718564, 0.00787774, -0.0329793
16811, -0.0054565, 0.00419609, -0.0339912
16818, -0.00538846, 0.00354362, -0.034125
16819, -0.00540506, 0.00389757, -0.0341396
16820, -0.0054172, 0.00317982, -0.0341355
16827, -0.0054982, 0.00483151, -0.0337236
16828, -0.00558183, 0.00515592, -0.033464
16829, -0.00543466, 0.00447257, -0.0338557
16971, -0.00955863, 0.00639399, -0.0366986
16987, -0.00735913, 0.00543579, -0.0377228
16994, -0.00843162, 0.00557979, -0.0375278
16995, -0.00781398, 0.00544183, -0.0377185
16996, -0.00904384, 0.00596991, -0.0370306
17003, -0.00659926, 0.0054886, -0.0377825
17004, -0.00636192, 0.00556198, -0.0376682
17005, -0.00693218, 0.00534306, -0.0379543
17036, -0.0105057, 0.00829142, -0.034273
17043, -0.0100895, 0.00873025, -0.0335034
17044, -0.0104132, 0.00863877, -0.0337813
17045, -0.00977857, 0.00887472, -0.0332095
17052, -0.0104128, 0.00756342, -0.0353961
17053, -0.0100692, 0.00694967, -0.0361411
17054, -0.0104671, 0.00792286, -0.0349025
17618, -0.00604394, 0.00146281, -0.0371882
18099, -0.00209386, -0.00188899, -0.0339191
18134, -0.00273441, 0.000525579, -0.0369227
18159, -0.0016942, -0.00104363, -0.0353269
18164, -0.00190826, -0.000584477, -0.0357004
18165, -0.00223008, 1.81929e-05, -0.0363013
18171, -0.00171797, -0.00176101, -0.0344225
18172, -0.00191685, -0.00184013, -0.0341961
18173, -0.00162975, -0.00143805, -0.034772
18205, -0.00502671, 0.00173956, -0.037327
18211, -0.00575161, 0.0015118, -0.0372587
18212, -0.00548282, 0.00170126, -0.0374673
18213, -0.00590295, 0.00138718, -0.0371572
18220, -0.00391304, 0.00146131, -0.0375224
18221, -0.00325878, 0.000966386, -0.0370933
18222, -0.00448562, 0.00166779, -0.0374493
18345, -0.00491638, 0.00070124, -0.0340338
18374, -0.00486298, 0.00293493, -0.0338797
18380, -0.00521336, 0.00190095, -0.0340673
18381, -0.00505677, 0.0025099, -0.0340048
18382, -0.00511738, 0.00126893, -0.0340029
18389, -0.00437467, 0.00355452, -0.0338213
18390, -0.00417186, 0.00368523, -0.0337273
18391, -0.00464519, 0.00333229, -0.0339127
18423, -0.00346843, -0.00129646, -0.0337264
18429, -0.00275775, -0.00171169, -0.0337263
18430, -0.00309035, -0.0015264, -0.0335488
18431, -0.0024029, -0.00190476, -0.0337529
18438, -0.00420795, -0.000466608, -0.033803
18439, -0.00460477, 7.60414e-05, -0.0339383
18440, -0.00382637, -0.000908682, -0.0338169
19031, -0.00909204, -0.00291285, -0.032714
19066, -0.0055739, 0.000350626, -0.0331031
19091, -0.00636936, -0.00122432, -0.0328052
19096, -0.00597222, -0.000626715, -0.0327792
19097, -0.00573442, -0.000120143, -0.032923
19103, -0.00775804, -0.00243806, -0.032684
19104, -0.00842698, -0.00276809, -0.0328263
19105, -0.00693293, -0.00182448, -0.0326448
19137, -0.00550388, 0.0015254, -0.0338789
19143, -0.00543074, 0.00215636, -0.0340692
19144, -0.00547456, 0.00179594, -0.0340389
19145, -0.00539182, 0.00251965, -0.0340448
19152, -0.00550287, 0.000976195, -0.0335527
19153, -0.00557492, 0.000672671, -0.033265
19154, -0.0055064, 0.00124662, -0.0337365
19277, -0.00928178, 0.000145373, -0.0361405
19306, -0.00706371, 0.00136437, -0.0370928
19312, -0.00808175, 0.0011233, -0.0369844
19313, -0.00750426, 0.00129868, -0.0371169
19314, -0.00872815, 0.000654725, -0.0364771
19321, -0.00636717, 0.00132537, -0.0371491
19322, -0.00624172, 0.00133293, -0.0370132
19323, -0.00661921, 0.00146349, -0.0372335
19355, -0.0102506, -0.00199106, -0.0338909
19361, -0.0098492, -0.00261744, -0.0331343
19362, -0.0101319, -0.00238237, -0.0333887
19363, -0.00957136, -0.00277883, -0.0328432
19370, -0.0100935, -0.00106691, -0.0349731
19371, -0.00977882, -0.000431549, -0.0356543
19372, -0.010168, -0.0015463, -0.0345802
