918, -0.0035399, 0.00123753, -0.0222071
1014, -0.00347436, 0.00178297, -0.022869
26956, -0.00347559, -0.00812072, -0.0200537
27003, -0.00504997, -0.00538487, -0.0198531
27038, -0.00574431, -0.00747786, -0.0197373
27063, -0.00591461, -0.00686558, -0.0195332
27068, -0.00593883, -0.00710052, -0.0195797
27069, -0.00586377, -0.00730337, -0.0196372
27075, -0.00563582, -0.00624648, -0.0196051
27076, -0.0053592, -0.00581789, -0.0196899
27077, -0.00578996, -0.00656741, -0.0195425
27109, -0.00476005, -0.00793957, -0.0199714
27115, -0.00413249, -0.00806973, -0.0200313
27116, -0.00444955, -0.00801422, -0.020009
27117, -0.00380433, -0.00810576, -0.0200526
27124, -0.00531605, -0.00773986, -0.0198692
27125, -0.00555385, -0.00763465, -0.0198203
27126, -0.00504638, -0.00784919, -0.0199299
27250, -0.00312336, -0.00119159, -0.0218652
27279, -0.00337238, 0.000173247, -0.0225475
27286, -0.00328175, -0.000512809, -0.0222273
27287, -0.00333506, -0.000183942, -0.022394
27288, -0.00320165, -0.000821128, -0.0220653
27295, -0.00343557, 0.000941769, -0.022779
27296, -0.00345808, 0.00135837, -0.0228443
27297, -0.00340367, 0.000546855, -0.0226782
27329, -0.00355174, -0.00318429, -0.0208449
27335, -0.00425716, -0.00432576, -0.020276
27336, -0.0038701, -0.00376137, -0.0205466
27337, -0.00465539, -0.00486917, -0.0200297
27344, -0.00313005, -0.00204665, -0.0214134
27345, -0.00309385, -0.00158402, -0.021648
27346, -0.00325411, -0.00261148, -0.0211251
27944, -0.00189034, -0.00517039, -0.0196996
27980, -0.00342359, -0.00165854, -0.0213228
28005, -0.00323575, -0.00301219, -0.0206798
28010, -0.0034088, -0.00247459, -0.0209337
28011, -0.0034702, -0.00201562, -0.0211562
28017, -0.0026329, -0.00414315, -0.0201456
28018, -0.0022587, -0.00466319, -0.0198998
28019, -0.00296327, -0.00358234, -0.0204225
28051, -0.00337935, -0.000314722, -0.0219524
28057, -0.00343987, 0.000427134, -0.0221504
28058, -0.00340178, 4.59205e-05, -0.0220647
28059, -0.00348857, 0.000829642, -0.0222016
28066, -0.00338861, -0.000976701, -0.0216718
28067, -0.00341023, -0.0013035, -0.0215077
28068, -0.00336497, -0.000652378, -0.0218133
28191, -0.00113142, -0.00752019, -0.019552
28220, -0.00217555, -0.00794711, -0.0198939
28226, -0.00160203, -0.00776451, -0.0197495
28227, -0.00187626, -0.00786805, -0.0198267
28228, -0.00135054, -0.00765448, -0.0196634
28235, -0.00282133, -0.00806504, -0.0199942
28236, -0.00314754, -0.00810053, -0.0200172
28237, -0.00249543, -0.00801644, -0.0199621
28269, -0.000927278, -0.0067326, -0.0193202
28275, -0.00128475, -0.00606387, -0.0194109
28276, -0.00106662, -0.00640303, -0.0193192
28277, -0.00155699, -0.00564643, -0.019532
28284, -0.000892438, -0.00719816, -0.0194012
28285, -0.000976672, -0.0073724, -0.0194606
28286, -0.000866829, -0.00696432, -0.0193305
28922, -0.00335373, 0.0112577, -0.0206222
29458, -0.00500614, 0.00869416, -0.0202848
29575, -0.00555939, 0.0106513, -0.0202936
29592, -0.00579083, 0.010058, -0.0200989
29598, -0.00575827, 0.0102782, -0.0201427
29600, -0.00569277, 0.0104879, -0.0202171
29607, -0.00555229, 0.00949718, -0.0201034
29608, -0.00533245, 0.00910746, -0.0201782
29609, -0.00568269, 0.00978211, -0.0200747
29638, -0.00458793, 0.0110822, -0.0205709
29648, -0.00397974, 0.011213, -0.0206227
29649, -0.00429193, 0.0111612, -0.0206039
29650, -0.00367116, 0.0112476, -0.0206325
29657, -0.00513706, 0.0108961, -0.0204479
29658, -0.00536328, 0.0107783, -0.0203687
29662, -0.00488128, 0.0109986, -0.0205211
29807, -0.00323613, 0.00470938, -0.0220143
29824, -0.00347021, 0.00337504, -0.0226006
29831, -0.00338529, 0.00404874, -0.0223317
29832, -0.00344413, 0.00372072, -0.0224685
29833, -0.00331519, 0.00437974, -0.0221816
29840, -0.00349352, 0.00260657, -0.0227938
29841, -0.00348443, 0.00219983, -0.0228545
29842, -0.00348651, 0.00300476, -0.0227128
29873, -0.00361495, 0.00660409, -0.0211633
29880, -0.0043097, 0.00771457, -0.0206684
29881, -0.00395596, 0.00720247, -0.0208866
29882, -0.0046845, 0.00823367, -0.0204568
29889, -0.00326595, 0.00557287, -0.0216263
29890, -0.00320569, 0.00510817, -0.021829
29891, -0.00337318, 0.00606891, -0.0213897
30407, -0.00235072, 0.00787603, -0.0199375
30531, -0.00397305, 0.00416771, -0.0213251
30551, -0.00380799, 0.00559907, -0.0207801
30556, -0.00394869, 0.00502703, -0.0209938
30557, -0.00397669, 0.00457999, -0.0211699
30564, -0.00316708, 0.00676082, -0.0203254
30565, -0.00276484, 0.00731283, -0.0201096
30566, -0.00353409, 0.00615375, -0.0205602
30598, -0.00373075, 0.00280657, -0.0218968
30608, -0.00364108, 0.00204205, -0.0221083
30609, -0.00368147, 0.0024409, -0.022013
30610, -0.00358619, 0.00164682, -0.0221721
30618, -0.00382721, 0.00347764, -0.0216199
30619, -0.00390026, 0.00380288, -0.0214729
30620, -0.00377679, 0.00314917, -0.0217623
30769, -0.00120165, 0.0105478, -0.0200194
30785, -0.00212315, 0.0110609, -0.0204231
30792, -0.0015922, 0.0108513, -0.0202577
30793, -0.00184201, 0.0109649, -0.0203477
30794, -0.0013695, 0.0107137, -0.0201551
30801, -0.00272682, 0.0112006, -0.0205496
30802, -0.0030362, 0.0112365, -0.0205878
30803, -0.0024193, 0.0111437, -0.0205033
30838, -0.00117264, 0.00961989, -0.0196774
30845, -0.0016166, 0.0088512, -0.0197142
30846, -0.00135446, 0.00926133, -0.0196679
30847, -0.00196733, 0.00838627, -0.0198172
30854, -0.00103378, 0.0101496, -0.0197949
30855, -0.00108494, 0.0103811, -0.019907
30856, -0.00108784, 0.00991312, -0.0197298
