214, -0.00390383, 0.001852, -0.0258953
298, -0.00395215, 0.00252914, -0.0269053
7873, -0.00250912, 0.0137489, -0.023643
7886, -0.000437174, 0.0119769, -0.0220751
7900, -0.00358501, 0.0077918, -0.0232449
7901, -0.0024773, 0.00934116, -0.0225302
7924, -0.00129837, 0.0130858, -0.0232537
7927, -0.00167188, 0.0132946, -0.0234121
7935, -0.00140125, 0.0106208, -0.0221071
7936, -0.000467698, 0.012479, -0.0225089
7937, -0.000376977, 0.0122546, -0.0222779
7968, -0.000647404, 0.0126703, -0.0227515
7970, -0.000644285, 0.0116063, -0.0220049
7974, -0.000965434, 0.0111498, -0.022016
7985, -0.00375421, 0.0142302, -0.0237882
7986, -0.00335444, 0.0140746, -0.0237517
7999, -0.00291933, 0.013929, -0.0237011
8007, -0.00209309, 0.0135377, -0.0235431
8036, -0.000944168, 0.0128477, -0.0230101
8132, -0.00428306, 0.00464104, -0.0248469
8158, -0.00418614, 0.00426329, -0.0250976
8166, -0.0041186, 0.00387116, -0.0253227
8169, -0.00395821, 0.00269517, -0.0258012
8171, -0.00392674, 0.00227189, -0.0258736
8172, -0.00399403, 0.0030977, -0.0256697
8174, -0.00404244, 0.00349454, -0.025521
8194, -0.00305602, 0.00857094, -0.0228763
8201, -0.00400702, 0.00701477, -0.0235785
8209, -0.00425315, 0.00627906, -0.0239779
8212, -0.0043727, 0.00565102, -0.0242723
8233, -0.0043605, 0.00512717, -0.0245692
8329, -0.00192271, 0.010018, -0.0222827
8807, -0.00617796, 0.0138224, -0.0237791
8811, -0.00390417, 0.00412804, -0.0264046
8844, -0.0039271, 0.0033368, -0.0267561
8859, -0.00785372, 0.0127688, -0.0227251
8867, -0.00637481, 0.0106394, -0.022867
8892, -0.00386221, 0.00689925, -0.0246875
8903, -0.00577261, 0.00996299, -0.0231413
8907, -0.00411895, 0.00764756, -0.0242939
8912, -0.00371352, 0.006251, -0.0250132
8914, -0.00515997, 0.00921628, -0.0235204
8921, -0.00458948, 0.00845096, -0.0238907
8934, -0.00394828, 0.00293428, -0.026849
8937, -0.00392779, 0.00374266, -0.0265957
8948, -0.0038167, 0.00488646, -0.0259244
8952, -0.00387051, 0.00450972, -0.0261754
8955, -0.0037649, 0.00526586, -0.0256328
8969, -0.00372633, 0.00575317, -0.0253098
9072, -0.00698895, 0.0135043, -0.0235124
9076, -0.00660042, 0.0136757, -0.023683
9079, -0.00490061, 0.0142232, -0.0238367
9080, -0.00531439, 0.0141249, -0.023851
9083, -0.0045003, 0.014285, -0.0238288
9114, -0.00777965, 0.0124507, -0.0225969
9124, -0.00572255, 0.0139701, -0.0238304
9135, -0.0073437, 0.0117403, -0.022542
9136, -0.00761272, 0.0121158, -0.0225733
9142, -0.00780228, 0.0130066, -0.0229095
9145, -0.00762094, 0.013197, -0.0231048
9169, -0.00735576, 0.0133598, -0.0233099
9266, -0.00690452, 0.0112464, -0.0226617
9755, -0.00412173, 0.0143176, -0.0237906
10254, -0.000418322, -0.0082267, -0.0221508
10420, -0.000750257, -0.00855959, -0.0226663
10424, -0.00137266, -0.00670781, -0.0219627
10433, -0.000910454, -0.00724846, -0.0219054
10434, -0.000548172, -0.00837623, -0.0224148
10436, -0.000618538, -0.00762851, -0.0218986
10439, -0.000471282, -0.00797214, -0.0219667
10468, -0.00311096, -0.00965892, -0.0236611
10469, -0.00395643, -0.00985872, -0.0237912
10487, -0.00224041, -0.00932244, -0.0234822
10495, -0.0014238, -0.00892981, -0.0231548
10505, -0.00353888, -0.00979908, -0.0237317
10507, -0.0018076, -0.00913168, -0.0233144
10509, -0.00267277, -0.00947468, -0.0235583
10511, -0.00104999, -0.00872882, -0.0229265
10638, -0.00404072, -0.000516702, -0.0249955
10640, -0.00397762, -0.000146606, -0.0252468
10641, -0.00415827, -0.000881707, -0.0247442
10657, -0.00389038, 0.00101724, -0.0257728
10659, -0.00388959, 0.00143554, -0.0258639
10660, -0.00390422, 0.000617423, -0.0256404
10661, -0.00392927, 0.000224971, -0.0254635
10675, -0.00238678, -0.0054815, -0.0223939
10676, -0.00349476, -0.00397301, -0.0230991
10685, -0.00296324, -0.0047584, -0.022727
10688, -0.00426741, -0.00185019, -0.0241415
10692, -0.00416412, -0.00251498, -0.0238038
10774, -0.0039474, 0.000905124, -0.0265262
10835, -0.00423662, -0.00131467, -0.0244486
10860, -0.00390631, -0.00319802, -0.0234739
10882, -0.00186128, -0.00614238, -0.0221547
11275, -0.00395261, 0.00129653, -0.0266994
11393, -0.00429537, -0.00265708, -0.0243548
11397, -0.00537872, -0.00424455, -0.0235064
11401, -0.00601498, -0.00497752, -0.0231683
11410, -0.0038499, -0.00127866, -0.0250857
11412, -0.00401647, -0.00189454, -0.0247512
11413, -0.00659672, -0.00568511, -0.0228339
11419, -0.00477202, -0.00345145, -0.0239641
11436, -0.00395428, 0.00211514, -0.0268948
11439, -0.00395132, 0.00170759, -0.0268248
11453, -0.00393579, 0.000529692, -0.0263075
11456, -0.00385675, -0.000261828, -0.0257714
11457, -0.00391503, 0.000137654, -0.0260522
11462, -0.0038302, -0.000703831, -0.0254414
11596, -0.00644046, -0.00912861, -0.0237061
11599, -0.00727005, -0.00873506, -0.0234593
11600, -0.0068749, -0.00893673, -0.0236237
11605, -0.00558839, -0.00956459, -0.02382
11607, -0.0047677, -0.00984757, -0.0237634
11608, -0.00516743, -0.00973744, -0.0237583
11616, -0.00811371, -0.00786918, -0.0226526
11618, -0.00787365, -0.00834293, -0.0230397
11629, -0.00600004, -0.00935964, -0.0237678
11646, -0.00803675, -0.00754104, -0.022513
11651, -0.00757361, -0.00680874, -0.0224907
11652, -0.00807793, -0.00810655, -0.0228501
11653, -0.00788968, -0.00722993, -0.022475
11679, -0.0076305, -0.00855231, -0.0232411
11695, -0.00713167, -0.00629215, -0.0226126
11762, -0.00436459, -0.00987106, -0.0237605
