215, -0.00394678, 0.00187788, -0.0266716
297, -0.00398276, 0.00256781, -0.0276855
2595, -0.00167181, 0.0102676, -0.0227597
7874, -0.00257705, 0.0140431, -0.0245178
7881, -0.000205187, 0.012432, -0.0229576
7884, -0.000699402, 0.0114268, -0.0225574
7885, -0.000398965, 0.0118176, -0.0225692
7925, -0.00375739, 0.0146552, -0.0246142
7964, -0.000290377, 0.012695, -0.0231908
7969, -0.000492467, 0.0129286, -0.0234731
7971, -0.00113477, 0.0109138, -0.0226327
7976, -0.000242236, 0.0121328, -0.0226819
8005, -0.0029806, 0.0143519, -0.0245227
8006, -0.00336572, 0.0145522, -0.0245521
8008, -0.00161678, 0.0135266, -0.0242586
8011, -0.00210783, 0.0137482, -0.0244204
8012, -0.00117369, 0.0133472, -0.0240279
8032, -0.000795009, 0.0131363, -0.023768
8133, -0.00432335, 0.00461219, -0.0255392
8134, -0.00422436, 0.00420034, -0.0258076
8153, -0.00404412, 0.00307514, -0.0264425
8167, -0.00415872, 0.00382279, -0.0260508
8170, -0.00400195, 0.0026765, -0.0265672
8173, -0.00397555, 0.00228061, -0.0266509
8175, -0.00408605, 0.00345777, -0.026262
8196, -0.00353434, 0.00795915, -0.0237964
8197, -0.00292421, 0.00879841, -0.0234071
8199, -0.00439434, 0.00562253, -0.0249021
8200, -0.00427372, 0.00633544, -0.0245805
8211, -0.00227518, 0.00958, -0.0230707
8213, -0.00394222, 0.00710945, -0.0241681
8232, -0.00437714, 0.00506287, -0.0252283
8806, -0.00624525, 0.0141719, -0.0246119
8812, -0.00385602, 0.00482732, -0.0266442
8857, -0.00785654, 0.0133467, -0.0238804
8858, -0.00808599, 0.0132363, -0.0235891
8864, -0.00396261, 0.00371077, -0.0273671
8879, -0.00476171, 0.00852949, -0.0244577
8902, -0.00601755, 0.0101909, -0.0236772
8915, -0.00379857, 0.00626539, -0.0256399
8916, -0.00664874, 0.0108851, -0.0233998
8917, -0.00427686, 0.00770396, -0.0248726
8918, -0.00394808, 0.00691669, -0.0252831
8920, -0.00535212, 0.00939379, -0.0240543
8940, -0.00396906, 0.00333145, -0.0275259
8944, -0.00382411, 0.00527221, -0.0263149
8953, -0.00394458, 0.00408843, -0.0271614
8954, -0.00398118, 0.00295434, -0.0276298
8956, -0.0039074, 0.00444812, -0.026922
8973, -0.00377156, 0.00573116, -0.0260126
9078, -0.00669051, 0.0139482, -0.0245088
9082, -0.00709325, 0.0137088, -0.0243428
9086, -0.00454073, 0.0147608, -0.0246255
9087, -0.00493358, 0.0146797, -0.0246875
9090, -0.00795002, 0.0123683, -0.0231128
9091, -0.00809542, 0.0127469, -0.0231575
9109, -0.0081649, 0.0130595, -0.0233346
9121, -0.00579755, 0.0143452, -0.0246567
9123, -0.00534817, 0.0145276, -0.0246741
9144, -0.00765125, 0.0119758, -0.0230602
9166, -0.00750144, 0.013485, -0.0241363
9267, -0.00720253, 0.011496, -0.0231757
9758, -0.00416459, 0.0147276, -0.0246298
10421, -0.00107371, -0.00696875, -0.022498
10428, -0.000560179, -0.00878235, -0.0234059
10429, -0.000222733, -0.00811922, -0.0225942
10432, -0.00032828, -0.00859261, -0.0231075
10435, -0.000207794, -0.00838369, -0.0228221
10437, -0.000672685, -0.00740896, -0.0224332
10438, -0.000384046, -0.00780565, -0.0224665
10486, -0.00128226, -0.00913858, -0.0239606
10488, -0.00221446, -0.00956429, -0.0244088
10497, -0.000882643, -0.00895173, -0.0237115
10499, -0.00399102, -0.0101892, -0.0246269
10503, -0.00359247, -0.0100659, -0.0246071
10504, -0.0017393, -0.00932614, -0.0241607
10506, -0.00313869, -0.00991567, -0.0245413
10508, -0.00267899, -0.00974727, -0.0245183
10637, -0.00401662, -4.53838e-05, -0.0259952
10639, -0.00417693, -0.000812971, -0.0254491
10642, -0.00408812, -0.00042687, -0.0257152
10647, -0.00394009, 0.000697425, -0.0264078
10649, -0.00396367, 0.000319743, -0.0262195
10653, -0.003934, 0.00147636, -0.0266404
10656, -0.0039246, 0.00108135, -0.0265458
10687, -0.00222693, -0.00565596, -0.02295
10689, -0.00344644, -0.0040735, -0.0236654
10690, -0.00285693, -0.00488396, -0.023289
10693, -0.00424674, -0.00179248, -0.024775
10694, -0.00414836, -0.00247869, -0.0244337
10773, -0.00397765, 0.0010233, -0.0272844
10861, -0.00424292, -0.00126906, -0.025114
10864, -0.00384414, -0.00323741, -0.0240569
10880, -0.00160654, -0.00636582, -0.0226665
11278, -0.00398762, 0.00217657, -0.027675
11394, -0.00559687, -0.00434533, -0.0240542
11402, -0.00410089, -0.00183699, -0.0253604
11407, -0.00392637, -0.00120118, -0.0257623
11408, -0.00443048, -0.00263666, -0.0249451
11409, -0.0062441, -0.00512466, -0.0236818
11414, -0.00684717, -0.00581944, -0.0234312
11417, -0.00494148, -0.00348927, -0.0245144
11440, -0.00398911, 0.00140111, -0.0274726
11441, -0.00398943, 0.00178801, -0.027602
11444, -0.00393562, 0.000265779, -0.0267793
11445, -0.00396701, 0.000648093, -0.0270442
11451, -0.00390041, -0.000124625, -0.0264681
11466, -0.00389735, -0.000638287, -0.0261039
11593, -0.00695148, -0.00917521, -0.0244839
11601, -0.00651306, -0.00941783, -0.0245579
11602, -0.00735399, -0.00885286, -0.0243331
11609, -0.00478462, -0.0101491, -0.0246672
11610, -0.00518474, -0.0100594, -0.0246567
11611, -0.00561465, -0.00985982, -0.0247058
11632, -0.00607141, -0.00965223, -0.0246514
11648, -0.00786077, -0.00691409, -0.0230562
11649, -0.00842735, -0.0080711, -0.0232746
11650, -0.00838536, -0.00775816, -0.0230922
11654, -0.00813704, -0.00735189, -0.0230004
11655, -0.00813184, -0.00844278, -0.0238332
11656, -0.00833974, -0.0082701, -0.0235207
11681, -0.00776298, -0.00859152, -0.0240887
11694, -0.0073667, -0.00639541, -0.0231547
11805, -0.00436805, -0.0102071, -0.024628
