217, -0.00405029, 0.00192041, -0.0282271
295, -0.00407844, 0.00264126, -0.0292476
2598, -0.00419309, 0.00322499, -0.0278061
2599, -0.00409827, 0.00256342, -0.028117
2600, -0.00442598, 0.0047982, -0.0266162
2601, -0.00440023, 0.0043048, -0.0269846
8143, -0.00234857, 0.0136989, -0.0264865
8144, -0.00133197, 0.013101, -0.0260652
8145, -0.0031641, 0.0144285, -0.026509
8149, -0.00356603, 0.0147282, -0.0265412
8150, -0.000243829, 0.01248, -0.0249142
8151, -0.000509254, 0.012672, -0.0253442
8152, -0.000869723, 0.0128949, -0.0257172
8156, -7.69766e-05, 0.0120229, -0.0242189
8159, -8.17641e-05, 0.0122884, -0.0245601
8160, -0.000225339, 0.0117053, -0.0240477
8161, -0.00276107, 0.0141259, -0.0265445
8162, -0.000940792, 0.0107609, -0.0239726
8163, -0.000576938, 0.0112517, -0.0239942
8164, -0.0018117, 0.0133537, -0.0263161
8165, -0.00389025, 0.0148429, -0.0266235
8308, -0.00275603, 0.00855201, -0.0247996
8309, -0.00213424, 0.00936168, -0.0244387
8311, -0.00424794, 0.00357264, -0.0275644
8312, -0.0041466, 0.00289129, -0.0279899
8320, -0.00407238, 0.00223975, -0.0282014
8321, -0.00430126, 0.00393756, -0.0272892
8322, -0.00344131, 0.0076984, -0.0251525
8323, -0.00390335, 0.00685349, -0.0255227
8325, -0.00440725, 0.00537237, -0.026276
8326, -0.00423005, 0.00605698, -0.025938
8330, -0.00151985, 0.0101021, -0.0241799
8808, -0.0040758, 0.00324566, -0.0290837
9043, -0.00451186, 0.00749851, -0.0261833
9044, -0.00700716, 0.0107753, -0.0247612
9045, -0.00632756, 0.0100454, -0.0250196
9060, -0.00501372, 0.00834937, -0.0258006
9063, -0.00564782, 0.00921195, -0.0253834
9064, -0.00411018, 0.00664977, -0.0266466
9065, -0.00394926, 0.00589323, -0.0270239
9066, -0.00391919, 0.0053989, -0.0274205
9067, -0.00403334, 0.00385982, -0.0286995
9070, -0.00405238, 0.00354196, -0.028917
9071, -0.00399812, 0.0041848, -0.0284383
9073, -0.00392515, 0.00494954, -0.0277929
9074, -0.00396446, 0.00452183, -0.0281324
9075, -0.00406618, 0.00293056, -0.0291929
9212, -0.00488031, 0.0148783, -0.0266789
9244, -0.00454788, 0.0150078, -0.0266325
9254, -0.00527428, 0.0146564, -0.0267256
9255, -0.00714269, 0.0135269, -0.0263649
9256, -0.00664419, 0.0137483, -0.0265618
9257, -0.00800435, 0.0131709, -0.0257046
9258, -0.00569435, 0.0143896, -0.0266973
9259, -0.00615082, 0.0140907, -0.0267563
9260, -0.00759147, 0.0133391, -0.0260902
9261, -0.00823425, 0.0129267, -0.0253098
9262, -0.00838739, 0.0127108, -0.0249981
9263, -0.00843026, 0.0125265, -0.0247503
9276, -0.00756514, 0.0113421, -0.0245747
9277, -0.00829534, 0.0122744, -0.0245103
9278, -0.00795628, 0.0118472, -0.0244438
9753, -0.00424771, 0.0149632, -0.0266501
10470, -0.000542975, -0.0084357, -0.0253267
10471, -0.000231919, -0.0082798, -0.0249862
10472, -0.00190465, -0.00896978, -0.0263792
10473, -0.00140185, -0.0087653, -0.0261001
10496, -0.00019126, -0.00757703, -0.0239695
10513, -0.000496092, -0.00717632, -0.023897
10516, -0.000888465, -0.00670385, -0.0239201
10517, -4.63747e-05, -0.00786386, -0.0241892
10518, -7.88629e-05, -0.00808823, -0.024524
10519, -0.000934606, -0.00860791, -0.0257784
10520, -0.00375532, -0.0101164, -0.0266634
10523, -0.0041088, -0.0102958, -0.0267011
10524, -0.00332101, -0.00994205, -0.0266023
10526, -0.00245093, -0.00930712, -0.0265691
10527, -0.00290073, -0.0096199, -0.0266439
10777, -0.00407739, 0.0023402, -0.0292323
10821, -0.00380172, -0.00281806, -0.0254389
10822, -0.00428369, -0.00087205, -0.0265545
10834, -0.00142098, -0.00613148, -0.0240243
10837, -0.00402023, 0.00129551, -0.0280953
10846, -0.00402958, 0.00160984, -0.0281967
10855, -0.00205864, -0.0054136, -0.0242946
10857, -0.0042581, -0.00142865, -0.0261727
10858, -0.00411193, -0.00205343, -0.0258332
10867, -0.00403449, 0.000978638, -0.0279586
10868, -0.00415387, -3.79318e-05, -0.0272225
10869, -0.00405823, 0.000662118, -0.0277615
10870, -0.00336872, -0.00372561, -0.0250222
10871, -0.00410484, 0.000329219, -0.0275207
10872, -0.00424094, -0.000418139, -0.0268926
10873, -0.00274142, -0.00458088, -0.0246295
11446, -0.00517887, -0.00309806, -0.0258509
11447, -0.00463781, -0.00220594, -0.0262751
11449, -0.00718313, -0.00555448, -0.024767
11464, -0.00647779, -0.0047905, -0.0250347
11467, -0.00580356, -0.00391674, -0.0254376
11468, -0.00424383, -0.00137572, -0.0267032
11469, -0.00407288, -0.000735556, -0.0271087
11470, -0.00397347, -0.000138402, -0.0275465
11471, -0.00406977, 0.00204262, -0.0291591
11472, -0.00406172, 0.0017289, -0.0290239
11474, -0.00404025, 0.00107451, -0.028576
11475, -0.00398563, 0.000308361, -0.0279317
11477, -0.00400589, 0.000729072, -0.0282768
11478, -0.00405785, 0.00140568, -0.0288335
11668, -0.00777836, -0.00819286, -0.0261029
11669, -0.00548219, -0.00977998, -0.0268384
11670, -0.00589549, -0.00944032, -0.0267904
11672, -0.00775579, -0.00613466, -0.0245534
11675, -0.00633885, -0.00903321, -0.0268541
11676, -0.00509384, -0.0100783, -0.0267903
11677, -0.00860061, -0.00754605, -0.0249769
11680, -0.00685269, -0.00873016, -0.0266422
11682, -0.00474236, -0.0103121, -0.0267484
11683, -0.00732819, -0.00844478, -0.0264217
11684, -0.00817463, -0.00795409, -0.0256608
11685, -0.00849405, -0.00784711, -0.0252664
11686, -0.00863589, -0.00734646, -0.0246892
11688, -0.00847995, -0.00706897, -0.0244558
11690, -0.00815503, -0.00663572, -0.0244404
11753, -0.00443016, -0.0103543, -0.0267093
