2124, 0.000603997, -0.00110272, -0.0152011
2165, -0.00312696, 0.00123847, -0.0200899
34831, -0.00132912, -0.00504396, -0.0172701
35338, -0.00302785, -0.0037612, -0.0180153
35453, -0.00320644, -0.00501718, -0.0175002
35466, -0.00342774, -0.00469936, -0.0175966
35468, -0.00339004, -0.00484091, -0.0175494
35469, -0.00330846, -0.00494244, -0.017532
35474, -0.00319414, -0.00406077, -0.0178827
35475, -0.00330409, -0.00431338, -0.0177712
35476, -0.00338564, -0.00453941, -0.0176592
35509, -0.00241382, -0.00507657, -0.017449
35511, -0.00216373, -0.00507734, -0.0174182
35512, -0.00189406, -0.00507118, -0.0173778
35513, -0.00161516, -0.00506445, -0.017331
35520, -0.00305039, -0.00506191, -0.017489
35521, -0.00286423, -0.00507626, -0.0174852
35522, -0.00265593, -0.00508405, -0.0174674
35671, -0.00238829, -0.00102404, -0.0194685
35685, -0.00283822, -2.3039e-05, -0.0199087
35687, -0.00274488, -0.000290472, -0.0198073
35688, -0.00263647, -0.000538985, -0.0197072
35689, -0.00251819, -0.000781801, -0.0195923
35696, -0.00307271, 0.000904809, -0.020084
35697, -0.00300237, 0.000581871, -0.0200515
35698, -0.00292289, 0.000265905, -0.0199894
35734, -0.00234487, -0.00231771, -0.0188001
35736, -0.00250016, -0.0027115, -0.0186001
35737, -0.00265843, -0.00308566, -0.0183922
35738, -0.00284406, -0.00343978, -0.0182073
35745, -0.00228721, -0.00130694, -0.0193225
35746, -0.00223484, -0.00161344, -0.0191747
35747, -0.00223989, -0.00194897, -0.0189985
36268, 0.00258088, -0.00514321, -0.0151318
36383, 0.00193143, -0.00355309, -0.0150601
36396, 0.00238128, -0.00438723, -0.0150057
36398, 0.00225411, -0.0041222, -0.0150163
36399, 0.00209617, -0.00383837, -0.0150403
36404, 0.00257728, -0.00500364, -0.0150732
36405, 0.00256213, -0.00482798, -0.0150325
36406, 0.00248344, -0.00462297, -0.0150112
36439, 0.00120542, -0.00231534, -0.0151574
36441, 0.00103624, -0.00199206, -0.0151753
36442, 0.000872307, -0.00169492, -0.0151858
36443, 0.000723684, -0.00139848, -0.0151895
36450, 0.00174443, -0.00324941, -0.0150862
36451, 0.00155557, -0.00293375, -0.0151187
36452, 0.00137529, -0.00262436, -0.0151379
36601, 0.00111823, -0.0052255, -0.0162891
36615, -0.000125899, -0.00506583, -0.0168976
36617, 0.000197707, -0.00509742, -0.0167593
36618, 0.000510398, -0.00513346, -0.0166113
36619, 0.000821206, -0.00517153, -0.0164594
36626, -0.00103782, -0.0050475, -0.0171918
36627, -0.000735768, -0.0050499, -0.0171078
36628, -0.000435898, -0.0050423, -0.0170157
36664, 0.00210281, -0.00535638, -0.0156091
36666, 0.00227852, -0.00535261, -0.0154579
36667, 0.00241545, -0.0053154, -0.0153296
36668, 0.00252532, -0.00523836, -0.0152321
36675, 0.0014031, -0.00527731, -0.0161037
36676, 0.00165904, -0.00531469, -0.0159297
36677, 0.00189524, -0.0053407, -0.0157791
36779, -0.00175905, 0.00591374, -0.0172025
36828, -0.00372842, 0.00603974, -0.0180092
36861, -0.00374283, 0.00673851, -0.0173855
36888, -0.00405875, 0.00670427, -0.0175199
36890, -0.00400259, 0.00675825, -0.0174531
36891, -0.00388162, 0.00675047, -0.0174209
36896, -0.0038843, 0.00628111, -0.0178651
36897, -0.00399277, 0.00646749, -0.0177058
36898, -0.00404056, 0.00660667, -0.017622
36934, -0.00285056, 0.00640383, -0.0173206
36936, -0.00258398, 0.00628318, -0.0173031
36937, -0.00230984, 0.00617172, -0.0172696
36938, -0.00203179, 0.00604278, -0.0172505
36945, -0.00355377, 0.00668134, -0.0173626
36946, -0.00333504, 0.00659551, -0.0173581
36947, -0.00309946, 0.00650511, -0.0173392
37072, -0.00292932, 0.00342368, -0.0194656
37103, -0.00319097, 0.00247145, -0.0198642
37105, -0.00315379, 0.00272721, -0.0197648
37106, -0.00309242, 0.0029564, -0.0196669
37107, -0.00301664, 0.00319712, -0.0195643
37114, -0.0031699, 0.00156453, -0.0200673
37115, -0.00319918, 0.00188857, -0.0200162
37116, -0.00320313, 0.00218992, -0.0199499
37152, -0.00299398, 0.00473084, -0.0188182
37154, -0.00315452, 0.00510064, -0.0185793
37155, -0.00334883, 0.00544649, -0.0183814
37156, -0.00355119, 0.0057619, -0.0182072
37163, -0.00285501, 0.00370157, -0.0193445
37164, -0.00282082, 0.00401397, -0.0191974
37165, -0.00285554, 0.00436625, -0.0190085
38426, 0.00108773, 0.00371698, -0.0152108
38550, 0.000473369, 0.0014997, -0.0151296
38653, 0.000769511, 0.00253312, -0.015093
38655, 0.000666617, 0.00219332, -0.0150971
38656, 0.00056428, 0.00184055, -0.015105
38661, 0.00103932, 0.00345715, -0.0151473
38662, 0.000970165, 0.00316419, -0.0151109
38663, 0.000877338, 0.00286062, -0.0151116
38699, 0.00032507, 0.000153223, -0.0151881
38701, 0.000364681, -0.000166225, -0.0151953
38702, 0.000403912, -0.000496727, -0.0152033
38703, 0.000496698, -0.000794543, -0.0152086
38710, 0.00040263, 0.0011479, -0.0151397
38711, 0.000359657, 0.000824884, -0.0151647
38712, 0.000347314, 0.000481768, -0.0151784
38861, 0.000278076, 0.00498578, -0.0162924
38892, -0.000687806, 0.00542478, -0.0168654
38894, -0.000436325, 0.0053065, -0.0167426
38895, -0.000180126, 0.00520732, -0.0165958
38896, 5.61161e-05, 0.00509281, -0.016452
38903, -0.00148939, 0.00578717, -0.0171265
38904, -0.00121919, 0.00566138, -0.0170639
38905, -0.000952448, 0.0055506, -0.0169598
38941, 0.000943591, 0.00451442, -0.0156547
38943, 0.00103942, 0.00435031, -0.0155048
38944, 0.00108371, 0.00415735, -0.015387
38945, 0.00110585, 0.00395873, -0.0152771
38952, 0.000493323, 0.00488249, -0.0161176
38953, 0.000665666, 0.00477163, -0.0159571
38954, 0.000817207, 0.00464682, -0.0158005
