647, -0.00432441, 0.00254103, -0.0270372
668, -0.0139072, 0.00326021, -0.0230694
15645, -0.00601059, -0.00701532, -0.0242912
15700, -0.0129498, -0.00385342, -0.0220428
15727, -0.0100892, -0.00490878, -0.0236477
15738, -0.0116543, -0.0044443, -0.0228286
15743, -0.0111545, -0.00455043, -0.0231108
15744, -0.0106376, -0.00470889, -0.0234118
15750, -0.0124183, -0.00421779, -0.0223202
15751, -0.0127193, -0.00406222, -0.0221371
15752, -0.0120705, -0.00434615, -0.022532
15781, -0.00789381, -0.00599198, -0.0242552
15787, -0.006907, -0.00659609, -0.0242889
15788, -0.00738193, -0.00631526, -0.0242411
15789, -0.00645769, -0.00684201, -0.0243075
15796, -0.00897713, -0.0054101, -0.0240972
15797, -0.00954457, -0.00514393, -0.0238918
15798, -0.00841924, -0.00569852, -0.0241592
15938, -0.0133341, -0.000509684, -0.0227587
15950, -0.0136363, 0.00156126, -0.0230515
15956, -0.0134707, 0.000570858, -0.0229617
15957, -0.0135381, 0.00107978, -0.0230035
15958, -0.0133915, 2.89785e-05, -0.0228952
15965, -0.0137984, 0.00246493, -0.0230559
15966, -0.0138867, 0.00287798, -0.023066
15967, -0.013717, 0.00204171, -0.0230474
15999, -0.0133673, -0.00251841, -0.0221436
16005, -0.0132272, -0.00324915, -0.0219912
16006, -0.0133392, -0.00292338, -0.0220845
16007, -0.0131104, -0.00359253, -0.0220108
16014, -0.0133701, -0.00158357, -0.0224267
16015, -0.0133411, -0.00106778, -0.0226036
16016, -0.0133768, -0.00206514, -0.0222763
16630, -0.00268413, -0.00507667, -0.0232532
16657, -0.00488566, -0.000497927, -0.0256779
16668, -0.00465535, -0.00227518, -0.024662
16673, -0.00485469, -0.00157573, -0.0250394
16674, -0.00495729, -0.000964356, -0.0253659
16680, -0.00375261, -0.00378605, -0.0238977
16681, -0.00322151, -0.004484, -0.0235668
16682, -0.00427054, -0.00303137, -0.0242796
16711, -0.0044841, 0.00103299, -0.026666
16717, -0.00436989, 0.00176625, -0.0269581
16718, -0.00441458, 0.0013935, -0.026837
16719, -0.00433758, 0.0021493, -0.0270252
16726, -0.00466588, 0.000333156, -0.0262296
16727, -0.00480185, -1.61867e-05, -0.025976
16728, -0.00456336, 0.000682007, -0.0264715
16868, -0.0023175, -0.00699564, -0.0237822
16880, -0.00417634, -0.00722538, -0.024296
16886, -0.00317948, -0.00716598, -0.0240894
16887, -0.003658, -0.00719833, -0.0241758
16888, -0.00275681, -0.00709014, -0.0239667
16895, -0.00510886, -0.00719973, -0.0243196
16896, -0.00558191, -0.00712619, -0.0243227
16897, -0.00464612, -0.00724065, -0.0243149
16929, -0.00149139, -0.00666004, -0.0229895
16935, -0.00186236, -0.00607554, -0.0229616
16936, -0.00162257, -0.00640532, -0.0229365
16937, -0.00225168, -0.00563651, -0.0231086
16944, -0.00166896, -0.00692679, -0.023316
16945, -0.00193489, -0.00696936, -0.0235429
16946, -0.00151067, -0.00682046, -0.0231275
17608, -0.00556948, 0.0122153, -0.0243436
18109, -0.0127549, 0.0099915, -0.0221336
18230, -0.00975073, 0.0106054, -0.0237259
18259, -0.0113438, 0.0103897, -0.022891
18264, -0.0108321, 0.0104434, -0.023133
18265, -0.010304, 0.0105177, -0.023462
18272, -0.0121417, 0.0102302, -0.0224109
18273, -0.0124944, 0.0101315, -0.0223163
18274, -0.0117679, 0.0103202, -0.0226485
18305, -0.00745704, 0.0113983, -0.024319
18312, -0.00649031, 0.0118561, -0.0243773
18313, -0.00696515, 0.0116351, -0.0243635
18314, -0.0060092, 0.0120598, -0.0243722
18321, -0.00855692, 0.010918, -0.0241147
18322, -0.00914824, 0.0107315, -0.0239562
18323, -0.00801688, 0.0111291, -0.0242557
18448, -0.013418, 0.00700747, -0.02286
18481, -0.0136718, 0.00496903, -0.023121
18488, -0.0135112, 0.00593373, -0.0230565
18489, -0.0135951, 0.00544975, -0.0230853
18490, -0.0134424, 0.00647024, -0.0229814
18497, -0.0138394, 0.0040731, -0.0230573
18498, -0.0138961, 0.00367081, -0.0230644
18499, -0.0137632, 0.00449196, -0.0231224
18530, -0.0133042, 0.00887456, -0.0222996
18537, -0.0131533, 0.00956668, -0.0221111
18538, -0.0132548, 0.00925004, -0.0221929
18539, -0.0130006, 0.0098168, -0.0221112
18546, -0.0134007, 0.00801298, -0.022597
18547, -0.0134192, 0.0075255, -0.0227561
18548, -0.0133657, 0.00845803, -0.0224232
19041, -0.00248193, 0.010248, -0.0232707
19162, -0.00476758, 0.00559011, -0.0256325
19191, -0.00448381, 0.00742466, -0.0246465
19196, -0.00472784, 0.00671277, -0.025
19197, -0.00481144, 0.00610744, -0.0252946
19204, -0.00353104, 0.00892549, -0.023872
19205, -0.00299251, 0.00962224, -0.0235511
19206, -0.00404504, 0.00816795, -0.0242493
19237, -0.00442582, 0.00408289, -0.0265848
19244, -0.00434981, 0.00331851, -0.026899
19245, -0.00437459, 0.00370782, -0.0267558
19246, -0.0043276, 0.00293458, -0.0269928
19253, -0.00458128, 0.00478204, -0.026148
19254, -0.00468411, 0.00515806, -0.025876
19255, -0.00448488, 0.0044399, -0.0263714
19380, -0.00190539, 0.0122226, -0.0237818
19414, -0.0037231, 0.0123541, -0.0243193
19421, -0.00278081, 0.0122874, -0.0241178
19422, -0.00325556, 0.0123221, -0.0242423
19423, -0.00231049, 0.0122381, -0.0239772
19430, -0.00468791, 0.0123585, -0.0243702
19431, -0.00513679, 0.0123229, -0.0243571
19432, -0.00420374, 0.0123586, -0.0243385
19463, -0.00120662, 0.0118111, -0.0229912
19470, -0.00159926, 0.0112182, -0.0229481
19471, -0.00135633, 0.011535, -0.0229283
19472, -0.00198461, 0.0107913, -0.0230533
19479, -0.00131791, 0.0121262, -0.0233217
19480, -0.00155193, 0.0122016, -0.0235481
19481, -0.00118899, 0.0120182, -0.023144
