2134, 0.00567681, -0.000595087, -0.0216804
2151, -0.00328987, 0.00162038, -0.0275129
34821, -0.0016045, -0.00990164, -0.0244026
34882, -0.00559373, -0.00643698, -0.0228562
34890, -0.00604099, -0.00688577, -0.0228279
34891, -0.00615975, -0.00720896, -0.0226827
34892, -0.00630174, -0.0075139, -0.0229332
34893, -0.00627066, -0.0077221, -0.023193
34894, -0.0060524, -0.00778244, -0.0234763
34895, -0.00568425, -0.00795097, -0.0238094
34896, -0.00528942, -0.00812873, -0.0240604
34897, -0.00478545, -0.00829749, -0.0242446
34898, -0.00429742, -0.00857716, -0.0244574
34899, -0.00378095, -0.00885581, -0.0246081
34900, -0.00328988, -0.00914128, -0.0246319
34901, -0.00281302, -0.00943638, -0.0246358
34902, -0.00237345, -0.00968345, -0.0246085
34903, -0.00196238, -0.00977938, -0.0244859
35100, -0.00323062, 0.00133593, -0.0274977
35101, -0.00316304, 0.00105502, -0.0274124
35102, -0.00307427, 0.000766021, -0.0272867
35103, -0.00298616, 0.000464128, -0.0270957
35104, -0.00289228, 0.000157341, -0.0268503
35105, -0.00279952, -0.00017242, -0.0265467
35106, -0.00267081, -0.000519947, -0.0262101
35107, -0.00258367, -0.000936995, -0.0258534
35108, -0.0025808, -0.00148318, -0.0254268
35109, -0.00269066, -0.00208169, -0.0250512
35110, -0.00297859, -0.00286799, -0.0246502
35111, -0.00338966, -0.00367694, -0.024157
35112, -0.00394122, -0.00446295, -0.0237542
35113, -0.00454277, -0.00517914, -0.0234265
35114, -0.00509091, -0.00587473, -0.0230671
35812, 0.00550423, -0.00742207, -0.0207582
35820, 0.00569034, -0.00717421, -0.0206867
35821, 0.00572191, -0.00682153, -0.0206693
35822, 0.00571795, -0.00641998, -0.0207346
35823, 0.00563461, -0.00593794, -0.0209264
35824, 0.00559369, -0.005424, -0.0210752
35825, 0.00552865, -0.00487249, -0.0211609
35826, 0.00543349, -0.0043199, -0.0213323
35827, 0.00539569, -0.00376513, -0.0215727
35828, 0.00542355, -0.00316996, -0.0215779
35829, 0.00547068, -0.00265822, -0.021667
35830, 0.00551763, -0.00213791, -0.0216978
35831, 0.00562882, -0.00169518, -0.0216524
35832, 0.00568487, -0.00130503, -0.0216161
35833, 0.00571741, -0.000909393, -0.0216187
36030, -0.0012383, -0.00986183, -0.0244517
36031, -0.000847468, -0.0097462, -0.0244138
36032, -0.000340574, -0.00952405, -0.0244228
36033, 0.000141884, -0.00932424, -0.0243613
36034, 0.000685333, -0.00908596, -0.0242651
36035, 0.00130102, -0.00886357, -0.024034
36036, 0.00190249, -0.0086715, -0.0237069
36037, 0.00253224, -0.00852759, -0.023356
36038, 0.00312436, -0.00841228, -0.0229608
36039, 0.00371295, -0.00837606, -0.0224981
36040, 0.00422332, -0.00845328, -0.0220673
36041, 0.00465106, -0.00836413, -0.0215799
36042, 0.00494407, -0.00824402, -0.0212981
36043, 0.00512438, -0.00801384, -0.0210827
36044, 0.00530625, -0.00773164, -0.0209699
36789, -0.00208421, 0.0115416, -0.0241338
37297, -0.00627039, 0.00967719, -0.022692
37310, -0.00666655, 0.0100624, -0.0226104
37312, -0.00684887, 0.0103017, -0.0227436
37313, -0.0069165, 0.0106127, -0.0227125
37314, -0.0068822, 0.0107251, -0.0229731
37315, -0.00665845, 0.0107879, -0.0231682
37316, -0.00628696, 0.0107901, -0.0236661
37317, -0.0058463, 0.0108562, -0.0239372
37318, -0.00534498, 0.0109078, -0.0241531
37319, -0.00479484, 0.0110353, -0.0243143
37320, -0.00427801, 0.0111755, -0.0244676
37321, -0.00375357, 0.0113461, -0.0244479
37322, -0.00326876, 0.0115, -0.0244277
37323, -0.00284091, 0.0115808, -0.024362
37324, -0.00245485, 0.0115676, -0.024312
37585, -0.00333253, 0.00189868, -0.0274701
37586, -0.00334976, 0.0021753, -0.0273626
37587, -0.0033529, 0.00245951, -0.0272121
37588, -0.00333218, 0.00274643, -0.0270109
37589, -0.00329266, 0.0030508, -0.0267631
37590, -0.00322781, 0.00336476, -0.0264563
37591, -0.00314766, 0.00370572, -0.0261394
37592, -0.00308348, 0.00416939, -0.0257795
37593, -0.00310415, 0.00469667, -0.0253956
37594, -0.00324469, 0.00530367, -0.0249409
37595, -0.00354661, 0.00605168, -0.0245585
37596, -0.00395809, 0.00689507, -0.0241286
37597, -0.00454065, 0.00769073, -0.0236985
37598, -0.00520288, 0.00845602, -0.0232952
37599, -0.00574177, 0.00908566, -0.0229759
39100, 0.00471701, 0.00709697, -0.0213467
39108, 0.00484805, 0.00673057, -0.0212969
39109, 0.00487868, 0.00631462, -0.0212971
39110, 0.00490431, 0.00583846, -0.0214688
39111, 0.0048551, 0.00528385, -0.0216549
39112, 0.00479641, 0.00470937, -0.021824
39114, 0.00473476, 0.00407753, -0.0219754
39115, 0.00467958, 0.00342494, -0.0221152
39116, 0.00470104, 0.00275421, -0.022194
39117, 0.00476283, 0.00212792, -0.022189
39118, 0.00490024, 0.0015531, -0.0221486
39119, 0.00506091, 0.00100226, -0.0220959
39120, 0.00524447, 0.000541192, -0.0219859
39121, 0.00542164, 0.000121693, -0.0218491
39122, 0.00557497, -0.000269812, -0.0217122
39322, -0.00169831, 0.0113217, -0.0240988
39323, -0.00134267, 0.0110309, -0.0241627
39324, -0.000857207, 0.010684, -0.024172
39325, -0.00041074, 0.0103277, -0.0241318
39326, 0.000138034, 0.00990047, -0.0239935
39327, 0.000708235, 0.00949755, -0.0238403
39328, 0.00132286, 0.00922298, -0.0236407
39329, 0.00189958, 0.009012, -0.0232789
39330, 0.00246222, 0.00877872, -0.0229714
39331, 0.00296123, 0.00858154, -0.0225474
39332, 0.00343698, 0.00838235, -0.0221536
39333, 0.00379233, 0.0082407, -0.0219783
39334, 0.00410342, 0.0080124, -0.0216416
39335, 0.00435673, 0.00769843, -0.0214609
39336, 0.00465135, 0.00747704, -0.0215106
