170, -0.0028128, 0.000220473, -0.0108735
342, -0.00383859, 0.000749135, -0.0113704
2694, -0.00270612, 0.000809106, -0.00775629
2720, -0.00287167, 0.000597595, -0.00879685
2726, -0.00289309, 0.000407349, -0.00964274
3143, -0.00383912, 0.000737126, -0.0113517
3144, -0.00383253, 0.000773337, -0.0101905
7546, -0.00383161, 0.00096221, -0.00900481
7547, -0.0038189, 0.0008582, -0.00960951
7548, -0.00381988, 0.000910789, -0.00930622
7550, -0.00388759, 0.00105007, -0.008409
7566, -0.00391692, 0.00108144, -0.00813443
7568, -0.00395917, 0.00110297, -0.00788904
7570, -0.0038568, 0.00101169, -0.00869443
7589, -0.00385052, 0.000723691, -0.0112658
7590, -0.00385512, 0.000722655, -0.011121
7597, -0.0038474, 0.000726181, -0.0107115
7601, -0.00385076, 0.000715056, -0.0109384
7611, -0.00384236, 0.000744582, -0.0104624
7617, -0.0038241, 0.000811621, -0.00990656
7746, -0.00366558, 0.000887604, -0.00715396
7749, -0.0038176, 0.000903931, -0.00714019
7754, -0.00374374, 0.000896299, -0.007135
7759, -0.00343351, 0.000870603, -0.00718356
7761, -0.00335399, 0.000858508, -0.00717478
7762, -0.00351103, 0.000876242, -0.007176
7773, -0.0039506, 0.000942104, -0.00712947
7778, -0.00404668, 0.00105245, -0.00725683
7787, -0.00359034, 0.000878074, -0.00716702
7799, -0.00402448, 0.00110065, -0.00749794
7800, -0.00404204, 0.00108036, -0.0073598
7804, -0.00403174, 0.00101167, -0.00718817
7810, -0.00400165, 0.000978742, -0.00715567
7834, -0.00388942, 0.000917526, -0.00712817
7848, -0.00399586, 0.00111042, -0.00767815
7917, -0.00327557, 0.000843439, -0.00718473
10734, -0.00274043, -0.000381848, -0.00654302
11724, -0.00269191, -0.000577472, -0.00573473
11725, -0.00263692, -0.000544218, -0.00575773
11727, -0.00259258, -0.00054293, -0.00586489
11743, -0.00284498, -0.000179022, -0.00748331
11744, -0.00277114, -0.000327676, -0.0068194
11748, -0.00264924, -0.000488688, -0.00612435
11813, -0.00260117, -0.000539817, -0.0057879
11816, -0.00269726, -0.000443441, -0.00632804
11820, -0.00261691, -0.00052084, -0.00597558
11828, -0.0032751, -0.00116986, -0.0061915
11846, -0.00318963, -0.00111854, -0.00612551
11849, -0.00336251, -0.00119202, -0.00624049
11852, -0.00285722, -0.000715407, -0.00578672
11853, -0.00311254, -0.00102256, -0.00603556
11857, -0.00303191, -0.000924797, -0.00594943
11859, -0.00294348, -0.000815395, -0.00585251
11893, -0.00277255, -0.000629446, -0.00575708
11975, -0.00279492, 0.000200998, -0.00994347
11979, -0.00280831, 0.000173071, -0.00963272
11999, -0.00278535, 0.000226253, -0.0104648
12000, -0.00279738, 0.000236269, -0.010651
12003, -0.00281968, 0.000138386, -0.00929806
12017, -0.00280426, 0.000237412, -0.0108009
12019, -0.00278551, 0.000216647, -0.0102279
12040, -0.00281605, -0.000258407, -0.00714459
12051, -0.00285127, -3.53095e-05, -0.00820958
12057, -0.00284855, 3.43701e-05, -0.00858071
12058, -0.00285053, -0.000104625, -0.00784229
12070, -0.00283753, 9.28107e-05, -0.00894217
12651, -0.00396953, -0.000622387, -0.00597884
12658, -0.0037969, 0.000771585, -0.0108139
12702, -0.00426215, -0.000296505, -0.00598948
12711, -0.00381135, 0.000779833, -0.0112109
12712, -0.00406914, 2.05248e-05, -0.00694715
12728, -0.00386296, 0.000376936, -0.00835427
12758, -0.00381858, 0.000539592, -0.00913472
12760, -0.00384162, 0.000462853, -0.00874295
12761, -0.00394693, 0.000197414, -0.00759762
12764, -0.00400688, 0.00011178, -0.0072614
12766, -0.00390735, 0.00028682, -0.00797125
12783, -0.00380316, 0.000785455, -0.0110395
12784, -0.0038232, 0.000768028, -0.0113323
12787, -0.00379587, 0.000750078, -0.0105314
12788, -0.00379838, 0.000720209, -0.0102185
12794, -0.00379745, 0.000676255, -0.00987908
12820, -0.00380525, 0.000613796, -0.00951515
12914, -0.00405315, -0.000503378, -0.00591974
12922, -0.0038763, -0.000751507, -0.00604106
12929, -0.00354121, -0.00115944, -0.00627259
12930, -0.0037114, -0.00100164, -0.00618085
12931, -0.00362948, -0.0010963, -0.00624402
12933, -0.0042791, -0.0002372, -0.0061535
12935, -0.00423334, -0.000185462, -0.00629252
12963, -0.00379385, -0.000890652, -0.00611433
12981, -0.00417558, -0.000120798, -0.00646808
12984, -0.00421198, -0.000337805, -0.00593196
12988, -0.00428922, -0.000270788, -0.0060417
13018, -0.00414224, -0.000397625, -0.00592198
13121, -0.00412915, -6.3389e-05, -0.00669849
13600, -0.00345127, -0.00118546, -0.00627041
22679, -0.00288713, 0.000531744, -0.00908731
22680, -0.00289666, 0.000465811, -0.00937268
22687, -0.0028014, 0.000721269, -0.00823789
22688, -0.00275154, 0.000770317, -0.00798217
22689, -0.00283638, 0.000663302, -0.00851296
22717, -0.00286229, 0.000240626, -0.0105644
22724, -0.00283884, 0.000222203, -0.010826
22725, -0.00284785, 0.000229877, -0.0107169
22726, -0.00282495, 0.000222822, -0.0108771
22733, -0.00288052, 0.000305481, -0.0101517
22734, -0.00288883, 0.000349401, -0.00990807
22735, -0.00287623, 0.000268286, -0.01037
22870, -0.00267348, 0.000760954, -0.00705288
22886, -0.00295138, 0.000766591, -0.00712913
22893, -0.00280255, 0.000759585, -0.00707967
22894, -0.00287557, 0.000765098, -0.00710311
22895, -0.00273157, 0.000763259, -0.00706694
22902, -0.00311373, 0.000805246, -0.0071681
22909, -0.00319454, 0.000824623, -0.00716938
22967, -0.00303731, 0.000775503, -0.00714932
23038, -0.00257592, 0.000839297, -0.00716146
23046, -0.00262648, 0.000844201, -0.00738694
23047, -0.00259402, 0.000845017, -0.00725648
23048, -0.00266239, 0.000830189, -0.00755712
23229, -0.0025924, 0.000803427, -0.00706525
23231, -0.00262293, 0.000782304, -0.00704908
23233, -0.00257329, 0.000822222, -0.00709631
