221, -0.00430893, 0.00202809, -0.0311247
291, -0.00432237, 0.00278488, -0.0321188
2592, -0.00442783, 0.00211236, -0.030794
2593, -0.00445023, 0.00222207, -0.0305871
7911, -0.00362251, 0.00568891, -0.0282788
7912, -0.00353468, 0.00605061, -0.02852
8071, -0.00352571, 0.00719652, -0.0298004
8074, -0.00358087, 0.00758142, -0.0304574
8075, -0.00352218, 0.00680192, -0.0293853
8076, -0.00350488, 0.00644852, -0.0289876
8077, -0.00368319, 0.00523156, -0.0279981
8107, -0.00407112, 0.00952297, -0.0319297
8108, -0.00414165, 0.00984539, -0.0319729
8115, -0.00427472, 0.0101532, -0.0319123
8116, -0.0041814, 0.0100354, -0.031847
8117, -0.00394726, 0.00922095, -0.0317998
8120, -0.00369165, 0.00797175, -0.0308854
8121, -0.00388514, 0.00882639, -0.0316417
8122, -0.00377572, 0.00839391, -0.0312571
8247, -0.0044816, 0.00250728, -0.0299886
8272, -0.00446682, 0.00234777, -0.0302982
8274, -0.00431326, 0.00203345, -0.0311104
8276, -0.00438501, 0.00205121, -0.0309479
8277, -0.00433877, 0.00202022, -0.0310459
8302, -0.00383463, 0.0045265, -0.0282379
8310, -0.00437682, 0.00322795, -0.0290988
8313, -0.00440116, 0.00296209, -0.0293361
8314, -0.00421861, 0.00355065, -0.0287192
8316, -0.00396097, 0.00418544, -0.0284498
8317, -0.00407017, 0.00389227, -0.0286083
8318, -0.00447081, 0.00269969, -0.0296492
8338, -0.00376791, 0.00487598, -0.0281846
8803, -0.00432317, 0.00274241, -0.0320655
8805, -0.00429356, 0.00271655, -0.0318379
8853, -0.00460324, 0.0100508, -0.0321317
8854, -0.00451541, 0.010191, -0.031899
8874, -0.00502583, 0.00516882, -0.0289528
8875, -0.00440806, 0.00373046, -0.0297435
9001, -0.00468851, 0.00439294, -0.0292842
9002, -0.00488461, 0.00482228, -0.0291001
9012, -0.00452756, 0.0040245, -0.0295282
9013, -0.00435673, 0.00348975, -0.0299946
9017, -0.00508018, 0.005486, -0.0286916
9039, -0.00428554, 0.00274596, -0.0316554
9048, -0.00424728, 0.00305681, -0.0307679
9051, -0.00431733, 0.00271044, -0.0319855
9055, -0.00426908, 0.00282964, -0.0314195
9056, -0.00426996, 0.00293039, -0.0310963
9061, -0.00428897, 0.00325466, -0.0304071
9199, -0.00468085, 0.00982245, -0.0321879
9200, -0.00476655, 0.00951783, -0.0319615
9202, -0.00495098, 0.00872126, -0.0316988
9203, -0.00481003, 0.00905602, -0.0318892
9204, -0.00445972, 0.0102025, -0.0318143
9242, -0.00522144, 0.00617029, -0.0288295
9243, -0.00512203, 0.00756553, -0.0302976
9246, -0.00512956, 0.00800647, -0.0308271
9247, -0.00522163, 0.00721081, -0.0297569
9248, -0.00505087, 0.008371, -0.0312992
9249, -0.00520245, 0.00655471, -0.0288826
9250, -0.00524569, 0.00689633, -0.0293697
9273, -0.00515505, 0.00581955, -0.0287572
9751, -0.00435342, 0.0101171, -0.0318491
10256, -0.00386185, -0.00361818, -0.0315234
10257, -0.00433025, -0.00489061, -0.0323307
10268, -0.00361088, -0.00101502, -0.0281547
10327, -0.00352755, -0.00189026, -0.0288991
10329, -0.00366989, -0.00294066, -0.0305868
10344, -0.00358694, -0.00216956, -0.0294247
10347, -0.0036223, -0.00258384, -0.0299369
10348, -0.00350656, -0.00166971, -0.0285559
10349, -0.00355063, -0.001359, -0.0282697
10383, -0.00410758, -0.00432732, -0.0321167
10384, -0.0039647, -0.0040237, -0.031772
10394, -0.00423342, -0.00462903, -0.0322379
10395, -0.00438574, -0.00502205, -0.0322653
10398, -0.00446367, -0.00510543, -0.0321746
10400, -0.00376475, -0.00328627, -0.0311304
10545, -0.00426655, 0.00199661, -0.0309244
10546, -0.00435423, 0.00159846, -0.0299356
10547, -0.004334, 0.00175278, -0.0302591
10562, -0.00428501, 0.00194966, -0.0307742
10565, -0.00429877, 0.00185805, -0.0305451
10566, -0.00427529, 0.00202695, -0.0310488
10567, -0.00428171, 0.00203069, -0.0311057
10591, -0.00385537, -0.000276908, -0.0282413
10593, -0.00397091, 0.000257885, -0.0284929
10597, -0.00412538, 0.000636676, -0.0287613
10609, -0.00390908, -4.62116e-05, -0.0283336
10613, -0.0042321, 0.000971684, -0.0289549
10614, -0.00429974, 0.00119015, -0.0292868
10615, -0.00434103, 0.00141022, -0.0295941
10832, -0.00373678, -0.000614327, -0.0281913
11301, -0.00481767, 0.00104271, -0.029409
11302, -0.00496768, 0.000663234, -0.0291975
11327, -0.00464494, 0.00145735, -0.0296316
11328, -0.00453791, 0.00171453, -0.0298847
11331, -0.0051651, 0.000297247, -0.0291246
11332, -0.00441239, 0.00198173, -0.0301523
11333, -0.00522427, 4.19195e-05, -0.0288107
11350, -0.00424892, 0.00280587, -0.03181
11351, -0.00423912, 0.00272234, -0.0315901
11364, -0.00429318, 0.00283339, -0.0320669
11366, -0.0042474, 0.00258857, -0.03128
11367, -0.00430957, 0.00280749, -0.0321112
11368, -0.00428504, 0.00282758, -0.0319578
11369, -0.00426496, 0.00243679, -0.0308912
11370, -0.00433683, 0.00222713, -0.0305695
11504, -0.00513061, -0.00275375, -0.0313685
11519, -0.00480259, -0.00446246, -0.0323005
11520, -0.00470839, -0.00476825, -0.0323452
11533, -0.00494728, -0.00370428, -0.032098
11535, -0.00465547, -0.00492449, -0.0323574
11536, -0.00505557, -0.00324417, -0.0318135
11537, -0.00485859, -0.00411186, -0.0322058
11538, -0.00459009, -0.0049868, -0.0322912
11564, -0.00536355, -0.00101367, -0.0291201
11565, -0.00537732, -0.00134531, -0.0294012
11570, -0.00538002, -0.00168935, -0.0298353
11571, -0.00530189, -0.000665065, -0.02882
11575, -0.0053367, -0.00204236, -0.0303435
11578, -0.00527516, -0.00239825, -0.030966
11674, -0.00530628, -0.000267177, -0.0288968
11812, -0.004517, -0.005045, -0.0322695
