640, -0.00404044, 0.00228514, -0.0219546
675, -0.0101815, 0.00286199, -0.0192228
15652, -0.0060641, -0.00224559, -0.0200693
16159, -0.00985101, -0.00080416, -0.0187685
16274, -0.00837644, -0.00126101, -0.0194986
16287, -0.00913588, -0.00109497, -0.0191321
16289, -0.00890479, -0.00114835, -0.0192535
16290, -0.0086503, -0.00120562, -0.0193681
16295, -0.00971152, -0.000896473, -0.0188299
16296, -0.00954837, -0.000980957, -0.0189093
16297, -0.00935127, -0.00103518, -0.0190126
16330, -0.00723332, -0.00165515, -0.0199025
16332, -0.00694144, -0.00178933, -0.0199643
16333, -0.00664874, -0.00193106, -0.0200202
16334, -0.00635913, -0.0020749, -0.0200535
16341, -0.00810075, -0.00133131, -0.0196171
16342, -0.00780107, -0.00141621, -0.0197233
16343, -0.00751907, -0.00151443, -0.0198182
16492, -0.0101734, 0.000741253, -0.0189368
16506, -0.0101456, 0.00181138, -0.019127
16508, -0.0101555, 0.00153606, -0.0190859
16509, -0.0101606, 0.00126688, -0.019043
16510, -0.0101615, 0.00100303, -0.0189925
16517, -0.0101654, 0.00260063, -0.0192094
16518, -0.0101521, 0.00234165, -0.0191976
16519, -0.0101483, 0.00208022, -0.0191662
16555, -0.0101498, -0.000186252, -0.0187322
16557, -0.0101095, -0.00038252, -0.0187138
16558, -0.0100479, -0.000545733, -0.0187195
16559, -0.00996608, -0.000684302, -0.0187304
16566, -0.0101819, 0.000483794, -0.0188711
16567, -0.0101811, 0.000243739, -0.0188287
16568, -0.0101721, 1.14881e-05, -0.0187693
17089, -0.00416551, -0.00226694, -0.0203588
17205, -0.00463299, 6.31977e-05, -0.0214361
17218, -0.00478132, -0.000849912, -0.0210547
17220, -0.00478827, -0.000490924, -0.0212164
17221, -0.00474499, -0.00018965, -0.0213326
17226, -0.00435923, -0.00193277, -0.0205348
17227, -0.00453831, -0.00158614, -0.020699
17228, -0.0046835, -0.00122704, -0.0208779
17261, -0.00421678, 0.00103988, -0.021812
17263, -0.00414504, 0.00132451, -0.021882
17264, -0.00409518, 0.00162694, -0.02193
17265, -0.00406055, 0.00195293, -0.0219571
17272, -0.0045199, 0.000312081, -0.021551
17273, -0.00440088, 0.000541512, -0.0216437
17274, -0.00429963, 0.000781863, -0.0217269
17423, -0.00402121, -0.00326308, -0.0199578
17437, -0.00493241, -0.00284936, -0.0200659
17439, -0.00466386, -0.00298316, -0.020038
17440, -0.00442005, -0.00309635, -0.0200108
17441, -0.00419386, -0.00319608, -0.019977
17448, -0.00577574, -0.00239412, -0.0200904
17449, -0.00548993, -0.00255071, -0.0200919
17450, -0.00520593, -0.00270727, -0.0200836
17486, -0.00368819, -0.00314207, -0.0199716
17488, -0.00376119, -0.00299592, -0.0200328
17489, -0.00384843, -0.00278949, -0.0201117
17490, -0.00399607, -0.00254681, -0.0202198
17497, -0.00386161, -0.00328331, -0.0199411
17498, -0.00376846, -0.00329753, -0.0199381
17499, -0.00370076, -0.00323303, -0.0199434
17601, -0.00537289, 0.00694961, -0.0202608
17650, -0.00957265, 0.006125, -0.0189663
17683, -0.00781774, 0.0061793, -0.0196674
17710, -0.00868456, 0.00618399, -0.0193093
17712, -0.00841137, 0.00617074, -0.0194282
17713, -0.00812275, 0.00617279, -0.0195484
17718, -0.00937933, 0.00616952, -0.0190273
17719, -0.00917245, 0.00618096, -0.019109
17720, -0.00893678, 0.00618288, -0.0192034
17756, -0.00657878, 0.00638543, -0.0200855
17758, -0.00628632, 0.00650349, -0.0201471
17759, -0.00597834, 0.00663748, -0.0201924
17760, -0.00567564, 0.00676775, -0.0202374
17767, -0.00752213, 0.00621432, -0.0197844
17768, -0.00720141, 0.00624072, -0.0198977
17769, -0.00690199, 0.00629828, -0.0199966
17894, -0.0101789, 0.0049117, -0.0190752
17925, -0.0101936, 0.00390584, -0.0192019
17927, -0.0101887, 0.00416559, -0.0191816
17928, -0.0101901, 0.00441817, -0.0191524
17929, -0.0101843, 0.00466425, -0.0191173
17936, -0.010193, 0.00312569, -0.0192194
17937, -0.0101913, 0.00338745, -0.019221
17938, -0.0101967, 0.0036459, -0.0192102
17974, -0.0100445, 0.00572202, -0.0189134
17976, -0.00996166, 0.00587202, -0.0189008
17977, -0.00986206, 0.00598273, -0.0189073
17978, -0.00973634, 0.0060774, -0.0189311
17985, -0.010163, 0.00514172, -0.0190267
17986, -0.0101359, 0.00535616, -0.018982
17987, -0.0100971, 0.00555878, -0.0189422
18580, -0.00370906, 0.00702059, -0.0204533
18613, -0.00442359, 0.00453868, -0.0214311
18640, -0.0044724, 0.00550917, -0.0210957
18642, -0.00453166, 0.00516586, -0.0212321
18643, -0.00450168, 0.00483431, -0.0213326
18648, -0.00392653, 0.00668344, -0.0205987
18649, -0.00415806, 0.00630446, -0.0207631
18650, -0.00434574, 0.00591242, -0.0209314
18686, -0.00410391, 0.00354102, -0.0217417
18688, -0.00406863, 0.00325482, -0.0218144
18689, -0.004044, 0.00294482, -0.0218763
18690, -0.00403599, 0.00262105, -0.0219279
18697, -0.00433356, 0.00428605, -0.0215108
18698, -0.00423481, 0.00405132, -0.0215782
18699, -0.00416279, 0.00380437, -0.0216602
18825, -0.00334694, 0.00807496, -0.0201372
18857, -0.00423202, 0.00759396, -0.0202551
18859, -0.00397326, 0.00774894, -0.0202232
18860, -0.00373598, 0.00788513, -0.020201
18861, -0.0035228, 0.00799279, -0.0201632
18868, -0.00507824, 0.00709874, -0.0202826
18869, -0.0047881, 0.00726897, -0.0202849
18870, -0.0045053, 0.00743041, -0.0202787
18906, -0.00311299, 0.00797257, -0.0201062
18908, -0.00319321, 0.00781474, -0.0201589
18909, -0.00332475, 0.00758976, -0.0202145
18910, -0.00350677, 0.00733627, -0.0203302
18917, -0.00320871, 0.00812796, -0.0201077
18918, -0.00311791, 0.00811937, -0.020086
18919, -0.00309446, 0.00805216, -0.0200858
