190, -0.00332004, 0.00102386, -0.0134141
322, -0.0036681, 0.00153562, -0.0140895
2573, -0.00352519, 0.00100769, -0.0139399
2584, -0.00365077, 0.00141676, -0.0140873
2585, -0.00362331, 0.00119292, -0.0140516
2667, -0.00369437, 0.00206422, -0.0128903
2668, -0.00375525, 0.00198585, -0.01295
2834, -0.00354915, 0.00110252, -0.0138493
2836, -0.00353014, 0.00104546, -0.0139163
2837, -0.00365316, 0.00124687, -0.0137082
2839, -0.00375209, 0.00139389, -0.0135272
2842, -0.0037054, 0.00131887, -0.0136119
2844, -0.0035949, 0.00116853, -0.0137818
2857, -0.00358805, 0.00104413, -0.0140106
2874, -0.00354228, 0.000975467, -0.0139804
2875, -0.00363589, 0.00129775, -0.0140773
2878, -0.00356524, 0.00100114, -0.0139989
2887, -0.00360062, 0.00110719, -0.0140355
2939, -0.00352698, 0.000980987, -0.0139641
3018, -0.00372149, 0.00202716, -0.0129138
3023, -0.00365703, 0.00208432, -0.0128704
3036, -0.00356703, 0.0020885, -0.0128236
3040, -0.00360898, 0.00209533, -0.0128513
3043, -0.00352517, 0.00208165, -0.0128081
3057, -0.00382311, 0.00161835, -0.0132661
3059, -0.00382102, 0.00182796, -0.0130791
3061, -0.00381315, 0.0015508, -0.0133574
3064, -0.00383516, 0.00169902, -0.0132032
3067, -0.00380496, 0.0018889, -0.0130258
3073, -0.00383073, 0.00176296, -0.0131394
3106, -0.00378668, 0.00194672, -0.0129869
3128, -0.00378515, 0.00147023, -0.0134331
7951, -0.00348215, 0.00206891, -0.0127997
12217, -0.00351767, 0.00124764, -0.0124757
12229, -0.00360926, 0.000682959, -0.0121739
12233, -0.00359266, 0.000783071, -0.0121946
12238, -0.0035599, 0.000989354, -0.0122749
12245, -0.00357589, 0.0008845, -0.0122235
12247, -0.00354277, 0.00107641, -0.0123287
12249, -0.00352479, 0.00116748, -0.012387
12268, -0.00373131, 0.00018004, -0.0122
12271, -0.00377338, 0.000121082, -0.0122328
12272, -0.00375547, 0.00014582, -0.0122148
12275, -0.00371293, 0.00023879, -0.0121777
12283, -0.003667, 0.000390642, -0.0121649
12285, -0.0036504, 0.000487468, -0.0121555
12289, -0.00369111, 0.000305647, -0.0121761
12298, -0.00362834, 0.000582623, -0.012156
12425, -0.00331311, 0.00136793, -0.0133237
12433, -0.00344311, 0.00161035, -0.0131075
12438, -0.00334765, 0.00152207, -0.0132385
12439, -0.00340671, 0.00159911, -0.0131512
12453, -0.00330082, 0.00126481, -0.0133642
12456, -0.00337494, 0.00157142, -0.0131932
12461, -0.00331054, 0.00114618, -0.0133963
12466, -0.00332356, 0.00145679, -0.0132749
12483, -0.00350845, 0.00149112, -0.0128437
12485, -0.00351031, 0.00138599, -0.012671
12487, -0.00350789, 0.0014411, -0.0127434
12491, -0.00347434, 0.00159694, -0.0130536
12492, -0.00349041, 0.00157047, -0.0129978
12501, -0.00350996, 0.0015384, -0.0129223
12604, -0.00350992, 0.00132348, -0.0125659
13149, -0.00387173, 0.00194485, -0.0137695
13152, -0.00392517, 0.00185585, -0.0135956
13153, -0.00389288, 0.00190922, -0.0136886
13190, -0.00396181, 0.00179392, -0.0134797
13192, -0.00371096, 0.00175866, -0.0140774
13195, -0.00401707, 0.00165052, -0.0132391
13201, -0.00399092, 0.00172716, -0.0133499
13205, -0.00403203, 0.00157097, -0.0131189
13218, -0.0036875, 0.00165308, -0.0140899
13219, -0.00373289, 0.00185757, -0.0140528
13226, -0.00381879, 0.002003, -0.013886
13228, -0.00377488, 0.00196918, -0.0139746
13230, -0.00379318, 0.00200036, -0.0139315
13232, -0.00375241, 0.00192721, -0.0140132
13238, -0.00383893, 0.00198503, -0.0138328
13364, -0.00384629, 0.000187708, -0.01229
13365, -0.00395054, 0.000625949, -0.0124132
13368, -0.0039114, 0.000418011, -0.0123493
13369, -0.00392916, 0.000516005, -0.0123773
13371, -0.00382676, 0.000152189, -0.0122734
13372, -0.00386953, 0.000254543, -0.012308
13378, -0.00389184, 0.000322315, -0.0123296
13408, -0.00399544, 0.000972641, -0.0125543
13423, -0.00402198, 0.00119462, -0.0126895
13425, -0.0040319, 0.00139976, -0.0128784
13427, -0.00402872, 0.00130431, -0.0127788
13429, -0.0039807, 0.000857041, -0.012495
13431, -0.00400906, 0.00108224, -0.012621
13438, -0.00396504, 0.000743115, -0.0124465
13507, -0.00403127, 0.00149207, -0.0129917
13627, -0.00380445, 0.000125681, -0.0122573
23382, -0.00333357, 0.000911383, -0.013168
23413, -0.00351355, 0.000473385, -0.0134631
23442, -0.0035057, 0.000587576, -0.0134153
23447, -0.00352818, 0.000535096, -0.0134447
23448, -0.00352874, 0.000497398, -0.0134571
23455, -0.00342237, 0.000747444, -0.0133104
23456, -0.0033761, 0.000824999, -0.0132358
23457, -0.00347611, 0.000664136, -0.0133662
23488, -0.00339962, 0.000599668, -0.0134441
23495, -0.0033569, 0.000786105, -0.0134386
23496, -0.00337596, 0.000681583, -0.0134414
23497, -0.00332787, 0.00090566, -0.0134293
23504, -0.00346195, 0.0004933, -0.0134515
23505, -0.00348774, 0.000472202, -0.0134575
23506, -0.00342828, 0.000535439, -0.0134459
23629, -0.0032271, 0.00162863, -0.0128026
23679, -0.00333342, 0.00191497, -0.0127859
23692, -0.00327472, 0.00178374, -0.0127899
23693, -0.00329924, 0.00185508, -0.012779
23694, -0.00324812, 0.0017108, -0.0127882
23701, -0.00340376, 0.00200983, -0.0127781
23702, -0.0034409, 0.00205542, -0.0127927
23703, -0.00337121, 0.00196764, -0.0127875
24086, -0.00322009, 0.00127638, -0.0129363
24093, -0.00325622, 0.00108901, -0.0130335
24094, -0.00323252, 0.00118522, -0.0129777
24095, -0.0032927, 0.000998858, -0.0131067
24102, -0.00321328, 0.00145827, -0.0128572
24103, -0.00321764, 0.00154648, -0.0128312
24104, -0.00321374, 0.0013695, -0.0128879
