2108, -0.00159974, -0.0051965, -0.0122048
2184, -0.00220863, 0.000111232, -0.019262
32878, 0.00104034, -0.00371089, -0.0150974
32953, -0.000485417, 0.000587126, -0.0172205
33066, 0.000258059, -0.000670367, -0.01613
33081, -6.03004e-05, 3.19039e-05, -0.0165613
33086, 4.09772e-05, -0.000171121, -0.0164047
33087, 0.000141002, -0.000399032, -0.0162699
33094, -0.000275742, 0.00036332, -0.0168703
33095, -0.000380488, 0.000491671, -0.0170417
33096, -0.00016494, 0.00021427, -0.016712
33124, 0.000645976, -0.00205861, -0.0156093
33131, 0.000833669, -0.0028786, -0.0153441
33132, 0.000737159, -0.00246859, -0.0154846
33133, 0.000934679, -0.00328976, -0.0152257
33140, 0.00044863, -0.00130617, -0.0158763
33141, 0.000352948, -0.000974956, -0.0160035
33142, 0.000538714, -0.00167272, -0.0157447
33284, -0.00124956, 0.000951079, -0.0185082
33300, -0.00176113, 0.000732756, -0.018918
33307, -0.00150427, 0.000881604, -0.0187217
33308, -0.00162962, 0.000821447, -0.0188174
33309, -0.00137296, 0.000927649, -0.0186097
33316, -0.00199979, 0.000460787, -0.0191054
33317, -0.00210668, 0.000296917, -0.0191913
33318, -0.00188746, 0.000598989, -0.0190169
33349, -0.000834292, 0.000858622, -0.0179452
33356, -0.000675012, 0.000747459, -0.0175912
33357, -0.000757199, 0.00080327, -0.0177662
33358, -0.000580936, 0.000676394, -0.0174
33365, -0.0010249, 0.000932161, -0.0182626
33366, -0.0011318, 0.000948716, -0.0183929
33367, -0.000927355, 0.000902065, -0.0181161
33928, 0.00271286, -0.00667218, -0.0130095
34041, 0.00184563, -0.00601604, -0.0126234
34056, 0.00245303, -0.00635133, -0.0127401
34061, 0.00229546, -0.00625146, -0.0126972
34062, 0.00209237, -0.00612821, -0.0126544
34069, 0.00264651, -0.00653397, -0.0128544
34070, 0.00269281, -0.00660296, -0.0129158
34071, 0.0025789, -0.00645324, -0.0127835
34099, 0.000406898, -0.00559152, -0.0124652
34106, -0.000563117, -0.00538871, -0.0123497
34107, -6.31081e-05, -0.00548981, -0.0124104
34108, -0.00107791, -0.00529379, -0.0122827
34115, 0.00122508, -0.00580286, -0.0125558
34116, 0.0015674, -0.00590383, -0.0125803
34117, 0.000833078, -0.00569217, -0.0125065
34259, 0.00207931, -0.0062011, -0.0140243
34275, 0.00153814, -0.00517601, -0.0146052
34282, 0.00181003, -0.00575247, -0.0143263
34283, 0.0016762, -0.00548408, -0.0144713
34284, 0.0019437, -0.0059809, -0.0141783
34291, 0.00128512, -0.00448776, -0.0148691
34292, 0.00115761, -0.00410345, -0.0149824
34293, 0.00140779, -0.0048448, -0.0147369
34324, 0.0025304, -0.00667141, -0.013452
34331, 0.00265912, -0.00671462, -0.0132029
34332, 0.00259797, -0.0066948, -0.0133172
34333, 0.00270053, -0.00670514, -0.013099
34340, 0.00233061, -0.00649666, -0.0137439
34341, 0.00220287, -0.00635623, -0.0138767
34342, 0.00243578, -0.00659499, -0.0135904
39581, -0.0024304, 0.00170017, -0.0165768
40066, -0.00312683, 0.000250203, -0.0185533
40101, -0.00309487, 0.00120843, -0.0172112
40126, -0.00323192, 0.000786734, -0.01779
40131, -0.00319845, 0.000923791, -0.0175907
40132, -0.00314721, 0.0010627, -0.0173903
40138, -0.00322855, 0.000520585, -0.0181901
40139, -0.00319478, 0.000390822, -0.0183829
40140, -0.00324567, 0.000657922, -0.0179965
40172, -0.00281868, 0.00163429, -0.0168126
40178, -0.00263096, 0.00170891, -0.0167069
40179, -0.00273449, 0.00168066, -0.0167519
40180, -0.00253546, 0.00171828, -0.0166454
40187, -0.00297498, 0.00145811, -0.0169848
40188, -0.00303001, 0.00133257, -0.0170609
40189, -0.00289253, 0.0015669, -0.0168597
40312, -0.00241891, -0.000745499, -0.0194114
40341, -0.00244071, -0.00055084, -0.019399
40347, -0.00245038, -0.000724896, -0.0194133
40348, -0.00245536, -0.000661437, -0.0194099
40349, -0.0024345, -0.0007593, -0.0194174
40356, -0.00236138, -0.000264154, -0.0193566
40357, -0.00229379, -8.64852e-05, -0.0193156
40358, -0.00241684, -0.000424824, -0.0193862
40390, -0.00264849, -0.000332251, -0.0191576
40396, -0.002909, -3.26141e-05, -0.0188855
40397, -0.00277018, -0.000182243, -0.0190249
40398, -0.00303293, 0.000113563, -0.0187243
40405, -0.00245151, -0.000596907, -0.0193269
40406, -0.00242071, -0.00068977, -0.0193842
40407, -0.002538, -0.000477151, -0.019259
41000, -0.00270451, -0.00156425, -0.0141587
41035, -0.00388792, -0.00365457, -0.0125342
41060, -0.00351656, -0.00278993, -0.0132164
41065, -0.00368437, -0.00309062, -0.0129707
41066, -0.00381531, -0.00338206, -0.0127445
41072, -0.00310816, -0.00218005, -0.0137038
41073, -0.00290107, -0.00187066, -0.0139369
41074, -0.0033181, -0.00248779, -0.0134628
41106, -0.00335619, -0.00461475, -0.0120584
41112, -0.00257023, -0.00494679, -0.0120824
41113, -0.00299883, -0.00479692, -0.01205
41114, -0.00210549, -0.00508231, -0.0121415
41121, -0.00377666, -0.00416514, -0.0122071
41122, -0.00388071, -0.00393424, -0.0123484
41123, -0.00362575, -0.0044127, -0.0121128
41247, -0.0019267, 0.000696065, -0.0156555
41276, -0.00207314, 0.0014082, -0.0162082
41282, -0.00197454, 0.00108436, -0.015955
41283, -0.00201646, 0.00127399, -0.0160905
41284, -0.0019362, 0.000902101, -0.0158015
41291, -0.00223914, 0.00160502, -0.0164262
41292, -0.00233211, 0.00166753, -0.0165043
41293, -0.00215039, 0.00152028, -0.0163149
41326, -0.0021179, -0.000340828, -0.0149776
41332, -0.00236793, -0.000947288, -0.0145861
41333, -0.00222932, -0.000637931, -0.0147875
41334, -0.00252319, -0.00125084, -0.0143804
41341, -0.00197918, 0.000201908, -0.0153315
41342, -0.00194211, 0.000463958, -0.0155039
41343, -0.00203284, -6.052e-05, -0.0151529
