871, -0.00176587, -0.00081389, -0.0136384
1101, -0.00270033, 0.000287936, -0.01631
24295, -0.00253178, -0.00187283, -0.00522952
25191, -0.00289711, -0.0016422, -0.00834167
25214, -0.00322445, -0.00174939, -0.00622702
25241, -0.00322183, -0.00180344, -0.00691773
25246, -0.00325078, -0.00178997, -0.00666902
25247, -0.00324919, -0.00175886, -0.00643039
25259, -0.00309007, -0.00177016, -0.00753591
25260, -0.00298918, -0.00171235, -0.00791562
25261, -0.00316536, -0.00179321, -0.00721096
25323, -0.00300404, -0.0017546, -0.00557633
25330, -0.00281572, -0.001769, -0.00535573
25555, -0.00292096, -0.00175714, -0.00547154
25633, -0.00268069, -0.00180932, -0.00526255
25640, -0.00314376, -0.00174543, -0.00586479
25641, -0.00318894, -0.00175352, -0.00602574
25642, -0.00307172, -0.00174443, -0.00571466
25777, -0.00244856, -0.000577049, -0.0130464
25793, -0.00252156, -8.2046e-05, -0.0152341
25800, -0.00247483, -0.000315421, -0.0142165
25801, -0.00249149, -0.000193692, -0.0147582
25802, -0.00245276, -0.000439633, -0.0136496
25809, -0.00259667, 0.000111517, -0.0159555
25810, -0.00265837, 0.000198173, -0.0161841
25811, -0.00256281, 8.62691e-06, -0.0156345
25842, -0.00255531, -0.0011654, -0.0105454
25849, -0.00270196, -0.00143785, -0.00937269
25850, -0.00261921, -0.00130968, -0.00995029
25851, -0.00280805, -0.00155125, -0.00884931
25858, -0.00247626, -0.000873766, -0.011793
25859, -0.00245769, -0.000720454, -0.0124246
25860, -0.00250757, -0.00102396, -0.0111578
26495, -0.00187336, -0.00241936, -0.00638401
26518, -0.0019907, -0.00166174, -0.00994758
26533, -0.00202972, -0.00203673, -0.00825676
26538, -0.0020251, -0.00191609, -0.00879757
26539, -0.00201456, -0.00178957, -0.00936568
26546, -0.0019751, -0.00227016, -0.00724122
26547, -0.00191448, -0.00235263, -0.00680255
26548, -0.00201559, -0.00215482, -0.00773112
26576, -0.00184521, -0.00121137, -0.0121647
26583, -0.00179625, -0.00101031, -0.0130636
26584, -0.00182035, -0.00110802, -0.0126439
26585, -0.00177383, -0.000912014, -0.0133939
26592, -0.00191347, -0.00142103, -0.0111024
26593, -0.00195875, -0.00154294, -0.010523
26594, -0.0018815, -0.00131728, -0.0116478
26729, -0.00167479, -0.002506, -0.00491703
26745, -0.00194323, -0.0023773, -0.00503037
26752, -0.00178706, -0.00248408, -0.00493217
26753, -0.00186184, -0.00245937, -0.00498627
26754, -0.00172954, -0.00251021, -0.00492777
26761, -0.00220283, -0.0021067, -0.00513861
26762, -0.00237078, -0.00196205, -0.00518616
26763, -0.00205996, -0.00225238, -0.00509098
26795, -0.00164758, -0.00253399, -0.00527982
26802, -0.0017426, -0.0025138, -0.00573805
26803, -0.00169209, -0.00252927, -0.00548421
26804, -0.00180955, -0.00247943, -0.00604047
26813, -0.00160635, -0.00252782, -0.00503247
26814, -0.00163143, -0.00251537, -0.00498106
26815, -0.00161061, -0.00254315, -0.00514502
30892, -0.00217231, 0.00160424, -0.00926673
30957, -0.00293384, 0.00164231, -0.0106676
31083, -0.00288288, 0.00161728, -0.00947872
31108, -0.00301448, 0.00166511, -0.00973894
31113, -0.00299253, 0.00165361, -0.00962352
31114, -0.00294234, 0.00162384, -0.00953507
31120, -0.00299559, 0.00167268, -0.0100996
31121, -0.00296441, 0.00166118, -0.010364
31122, -0.0030184, 0.00168422, -0.00989352
31154, -0.00255286, 0.00163014, -0.00936184
31160, -0.0023636, 0.00163205, -0.0093162
31161, -0.00245918, 0.00163502, -0.00933559
31162, -0.00226857, 0.0016334, -0.00927996
31169, -0.00273637, 0.00162946, -0.00939752
31170, -0.00281449, 0.0016316, -0.00943465
31171, -0.00265054, 0.00162763, -0.00938043
31301, -0.00281753, 0.000997299, -0.0141632
31330, -0.00284767, 0.000608715, -0.0157513
31336, -0.00284999, 0.000795368, -0.0150263
31337, -0.00285809, 0.000701914, -0.0154132
31338, -0.00283523, 0.000893991, -0.0146062
31345, -0.00281024, 0.000441112, -0.016223
31346, -0.00276823, 0.000362548, -0.016324
31347, -0.00283316, 0.000533232, -0.0160223
31379, -0.00280024, 0.00140809, -0.0122803
31385, -0.00285729, 0.00155678, -0.0114124
31386, -0.00282173, 0.00149186, -0.0118348
31387, -0.00289615, 0.00160785, -0.0110141
31394, -0.00279135, 0.00120955, -0.0132281
31395, -0.00280201, 0.00110555, -0.0136994
31396, -0.00279409, 0.0013169, -0.0127412
31890, -0.00161877, 0.000844421, -0.00982486
32015, -0.00176908, 6.90929e-05, -0.0123802
32040, -0.00176521, 0.000451454, -0.0112228
32045, -0.00177506, 0.000329748, -0.0116106
32046, -0.0017764, 0.000200298, -0.0120023
32052, -0.00170545, 0.000669609, -0.010474
32053, -0.00166265, 0.000766648, -0.0101427
32054, -0.00173728, 0.000565554, -0.0108423
32086, -0.00173737, -0.000407764, -0.0135805
32092, -0.00173109, -0.000612783, -0.0137955
32093, -0.00172376, -0.000510536, -0.0137307
32094, -0.00174626, -0.000716889, -0.0137714
32101, -0.00173933, -0.000173244, -0.01306
32102, -0.0017623, -5.63364e-05, -0.0127378
32103, -0.0017351, -0.000295598, -0.0133543
32255, -0.00153174, 0.00122366, -0.00889958
32286, -0.00180905, 0.00144091, -0.00906608
32292, -0.00164769, 0.00133461, -0.00895767
32293, -0.00172406, 0.00137433, -0.00901536
32294, -0.00158669, 0.00127516, -0.00893038
32301, -0.00197836, 0.00154711, -0.00917866
32302, -0.00207523, 0.00157267, -0.009226
32303, -0.00189258, 0.0015018, -0.00912043
32335, -0.00146815, 0.00105462, -0.00904268
32341, -0.00153214, 0.000963546, -0.00933708
32342, -0.00149552, 0.00100995, -0.00916774
32343, -0.00157499, 0.000908712, -0.00956386
32350, -0.00146139, 0.00113016, -0.00890249
32351, -0.00148964, 0.00117455, -0.00889876
32352, -0.001454, 0.00109522, -0.00895068
