198, -0.00396383, 0.00200853, -0.0240774
314, -0.00387921, 0.00290159, -0.0247148
8336, -0.00289098, 0.00572139, -0.0252395
8339, -0.00292763, 0.0052049, -0.025178
8340, -0.00290199, 0.00546998, -0.0252195
8343, -0.00310151, 0.00463259, -0.0251233
8344, -0.00338569, 0.00401901, -0.0250558
8348, -0.00323576, 0.00432684, -0.0250989
8358, -0.00365025, 0.00699998, -0.0254459
8367, -0.00350512, 0.00692074, -0.0254171
8368, -0.00337201, 0.00681116, -0.0254019
8387, -0.00313427, 0.00653754, -0.025359
8394, -0.00300712, 0.00492229, -0.0251598
8417, -0.00297077, 0.0061687, -0.025306
8418, -0.00303562, 0.00636943, -0.0253284
8424, -0.0032437, 0.006695, -0.0253776
8450, -0.00291505, 0.00596304, -0.0252662
8561, -0.00424559, 0.00189379, -0.0245106
8564, -0.00413236, 0.00181741, -0.0243488
8565, -0.00418636, 0.00184038, -0.0244306
8568, -0.00404858, 0.00183867, -0.0242169
8569, -0.00398524, 0.00194444, -0.0241175
8573, -0.00401487, 0.00188737, -0.0241652
8578, -0.00394362, 0.003098, -0.0249329
8590, -0.00429514, 0.00199226, -0.0245894
8610, -0.0040865, 0.00181605, -0.0242784
8624, -0.00411598, 0.00281483, -0.0248793
8625, -0.00375235, 0.00339802, -0.0249848
8627, -0.00430684, 0.00229424, -0.0247571
8631, -0.00432443, 0.00211647, -0.0246805
8632, -0.00424104, 0.0025233, -0.0248202
8777, -0.00356311, 0.00370524, -0.0250213
8818, -0.00394725, 0.00708785, -0.0254622
8819, -0.00469504, 0.00673221, -0.0254772
9283, -0.00339934, 0.00319152, -0.0251342
9284, -0.00339478, 0.00302081, -0.0250711
9287, -0.00346006, 0.0034364, -0.0251883
9290, -0.00416114, 0.00458628, -0.0253543
9291, -0.00377858, 0.00398911, -0.0252912
9298, -0.00396941, 0.00428945, -0.0253226
9301, -0.00359797, 0.00371147, -0.0252392
9316, -0.00361147, 0.00273647, -0.0248359
9328, -0.00366543, 0.0027379, -0.0247934
9333, -0.00376674, 0.00280358, -0.0247428
9334, -0.00381945, 0.00284929, -0.0247256
9354, -0.00347787, 0.00279678, -0.0249382
9363, -0.00371561, 0.00276592, -0.0247656
9369, -0.00354768, 0.00274692, -0.0248848
9392, -0.00342057, 0.00288707, -0.0250019
9501, -0.00460751, 0.00685595, -0.0254867
9504, -0.00450129, 0.00695226, -0.0254874
9507, -0.00424815, 0.00706486, -0.0254875
9510, -0.00438222, 0.00701565, -0.0254845
9511, -0.00410137, 0.00709318, -0.0254782
9556, -0.00479828, 0.00620116, -0.0254625
9567, -0.00450032, 0.00517274, -0.0254054
9569, -0.00477619, 0.00596173, -0.025457
9570, -0.00462549, 0.00545749, -0.0254217
9571, -0.00471811, 0.00570903, -0.0254353
9572, -0.00479297, 0.00639216, -0.0254674
9596, -0.00475604, 0.00657296, -0.0254767
9708, -0.00434409, 0.00488622, -0.0253814
9825, -0.00379953, 0.00704605, -0.0254523
9973, -0.00359734, 0.000231926, -0.0238567
9977, -0.00358396, -0.000774482, -0.0238565
9978, -0.00351389, -0.000411639, -0.0238451
9987, -0.00353942, -0.000595486, -0.0238513
9990, -0.00354743, 7.35531e-06, -0.0238538
9993, -0.00367531, 0.000467362, -0.0238706
10001, -0.00351664, -0.000215169, -0.0238519
10024, -0.00396766, -0.00129183, -0.0239126
10025, -0.00374186, -0.00106666, -0.0238764
10040, -0.00424299, -0.00142708, -0.0239505
10056, -0.00454881, -0.00148171, -0.0239903
10057, -0.00439607, -0.0014633, -0.0239694
10062, -0.00384894, -0.00119054, -0.0238983
10064, -0.00410216, -0.00136721, -0.0239306
10072, -0.00365537, -0.000935947, -0.0238724
10188, -0.00406771, 0.00220858, -0.0239503
10190, -0.00401874, 0.00222094, -0.0239586
10191, -0.0041276, 0.00217253, -0.0239463
10207, -0.00395512, 0.00214049, -0.0240152
10209, -0.00394932, 0.00208169, -0.0240431
10210, -0.00396097, 0.00218946, -0.0239917
10211, -0.00398184, 0.00221342, -0.0239701
10225, -0.00389344, 0.000945362, -0.0238944
10226, -0.00410694, 0.001416, -0.0239188
10235, -0.00401464, 0.00118313, -0.0239095
10238, -0.00422814, 0.00198503, -0.0239408
10242, -0.00423768, 0.00181961, -0.0239401
10264, -0.00418966, 0.00209516, -0.0239432
10287, -0.00419753, 0.00163257, -0.0239309
10308, -0.00377423, 0.000707241, -0.0238803
10699, -0.00566387, -0.00087389, -0.0241582
10708, -0.00588738, -0.000156021, -0.0242709
10723, -0.00509202, 0.00178394, -0.0245536
10757, -0.0054213, 0.001275, -0.0244882
10761, -0.00411368, 0.00299085, -0.0246892
10762, -0.00394806, 0.00294823, -0.0247063
10827, -0.00466103, 0.0024587, -0.0246222
10828, -0.00492654, 0.00202601, -0.0245746
10992, -0.00477814, 0.00225643, -0.0246018
10995, -0.00556736, 0.00102182, -0.0244485
11000, -0.0052613, 0.00152902, -0.0245211
11026, -0.0040276, 0.00297817, -0.0246962
11033, -0.00437829, 0.00286263, -0.0246599
11034, -0.00446422, 0.00276118, -0.0246479
11036, -0.00428706, 0.0029347, -0.024669
11041, -0.00419841, 0.00297655, -0.0246817
11079, -0.00455653, 0.00262394, -0.024635
11172, -0.00530496, -0.00124138, -0.0240962
11185, -0.00543873, -0.00114194, -0.0241195
11186, -0.0055618, -0.00101639, -0.0241385
11188, -0.00501662, -0.00139501, -0.0240486
11189, -0.00486237, -0.00143917, -0.0240284
11191, -0.00516418, -0.00132947, -0.0240709
11215, -0.00587979, 7.00431e-05, -0.0243009
11216, -0.00577943, 0.000528426, -0.0243769
11217, -0.0058469, 0.000285247, -0.0243466
11219, -0.00581883, -0.000543857, -0.0242105
11220, -0.00586203, -0.000349881, -0.0242379
11241, -0.00574852, -0.000712848, -0.0241852
11258, -0.00569256, 0.000765536, -0.0244133
11767, -0.00470574, -0.0014715, -0.0240091
