2120, -0.00125777, -0.00559268, -0.0198591
2170, -0.00311245, 0.000999808, -0.025311
34835, 0.00198286, -0.00359753, -0.0220626
35334, -0.000816295, 6.84943e-05, -0.0244183
35457, 0.000218865, -0.000904575, -0.0235844
35484, -0.00026814, -0.000403593, -0.0239882
35486, -0.000110343, -0.000550629, -0.0238599
35487, 4.41278e-05, -0.00071534, -0.0237289
35492, -0.000692097, -3.51411e-05, -0.0243202
35493, -0.000560253, -0.000148322, -0.0242161
35494, -0.000420735, -0.000273378, -0.0241042
35530, 0.000996592, -0.00198175, -0.0229068
35532, 0.0012147, -0.0023136, -0.0227165
35533, 0.00145001, -0.00270454, -0.0225064
35534, 0.00170596, -0.00315049, -0.0222937
35541, 0.000395497, -0.00112107, -0.0234296
35542, 0.000586222, -0.00137395, -0.023264
35543, 0.000789852, -0.00165566, -0.0230876
35675, -0.00190154, 0.00077739, -0.0249697
35706, -0.00260189, 0.000939661, -0.0251519
35708, -0.00243587, 0.000907919, -0.0251089
35709, -0.00226649, 0.000870433, -0.0250626
35710, -0.00208504, 0.000829477, -0.025017
35717, -0.00300643, 0.000991813, -0.0252714
35718, -0.00288541, 0.00097999, -0.0252353
35719, -0.00274994, 0.000961172, -0.0251937
35755, -0.00128121, 0.000460033, -0.0247419
35757, -0.00116007, 0.000362954, -0.024669
35758, -0.00104548, 0.000269064, -0.0245932
35759, -0.000933666, 0.000169638, -0.024509
35766, -0.00172216, 0.000709717, -0.0249194
35767, -0.00155935, 0.000635791, -0.024868
35768, -0.00140222, 0.000547586, -0.0248061
36264, 0.00551361, -0.00969797, -0.0187459
36387, 0.00318195, -0.0081848, -0.0189296
36414, 0.00454231, -0.00906185, -0.0187287
36416, 0.00413793, -0.00878476, -0.018772
36417, 0.00367944, -0.00849051, -0.0188322
36422, 0.00538578, -0.00961433, -0.0186934
36423, 0.0051668, -0.00950771, -0.0186762
36424, 0.00486853, -0.00931195, -0.0186906
36460, 0.000916745, -0.00683693, -0.0193561
36462, 0.000343821, -0.00651651, -0.019476
36463, -0.000219599, -0.00619777, -0.0196014
36464, -0.000755019, -0.00589178, -0.0197287
36471, 0.00263652, -0.00784974, -0.0190272
36472, 0.00208261, -0.00750849, -0.0191234
36473, 0.00150134, -0.00716914, -0.0192342
36605, 0.0044513, -0.00782004, -0.0200899
36636, 0.00317113, -0.00570377, -0.021104
36638, 0.00349762, -0.00626, -0.0208426
36639, 0.00381746, -0.00680082, -0.0205875
36640, 0.00413517, -0.00732804, -0.0203271
36647, 0.00225708, -0.00408459, -0.0218344
36648, 0.00255743, -0.0046111, -0.0215924
36649, 0.00286366, -0.00515464, -0.0213415
36685, 0.00539646, -0.00929938, -0.0192184
36687, 0.00552576, -0.00948703, -0.0190556
36688, 0.00557261, -0.0096549, -0.0189326
36689, 0.00557499, -0.00969578, -0.0188177
36696, 0.00473407, -0.00827325, -0.0198324
36697, 0.00498914, -0.00867638, -0.0196122
36698, 0.00520234, -0.00900791, -0.0194209
36775, -0.00274481, 0.00492584, -0.0249218
36832, -0.00381692, 0.00324685, -0.0257375
36857, -0.00387014, 0.00451693, -0.0252975
36870, -0.00403962, 0.00408818, -0.0255146
36872, -0.00402059, 0.00424412, -0.025436
36873, -0.00396372, 0.00438688, -0.0253643
36878, -0.00392937, 0.00347758, -0.0256874
36879, -0.00400522, 0.00369758, -0.0256304
36880, -0.0040343, 0.0038948, -0.0255782
36913, -0.00333232, 0.00489825, -0.0250818
36915, -0.00317773, 0.00494885, -0.0250473
36916, -0.00302957, 0.00496883, -0.0250145
36917, -0.00288222, 0.00496784, -0.0249736
36924, -0.00375908, 0.00463204, -0.0252302
36925, -0.00363088, 0.00473458, -0.0251725
36926, -0.00348422, 0.00482075, -0.0251239
37068, -0.00314787, 0.00136275, -0.0257049
37082, -0.00329807, 0.00108235, -0.0254846
37084, -0.003285, 0.00111839, -0.02554
37085, -0.00325474, 0.00117574, -0.025594
37086, -0.00320528, 0.00125272, -0.0256515
37093, -0.00319067, 0.00101098, -0.0253475
37094, -0.00324859, 0.00102291, -0.0253919
37095, -0.00328863, 0.00105026, -0.025437
37131, -0.00325514, 0.00219954, -0.0258141
37133, -0.00339423, 0.00246385, -0.0258112
37134, -0.00354001, 0.00273283, -0.0257932
37135, -0.00368332, 0.00299034, -0.0257673
37142, -0.00310857, 0.00152852, -0.0257504
37143, -0.00311592, 0.00170838, -0.025785
37144, -0.00316358, 0.00193552, -0.0258085
38446, -0.00282143, -0.000402244, -0.0226319
38545, -0.00335558, -0.00320796, -0.0211673
38575, -0.00329175, -0.0021301, -0.0217752
38635, -0.00337308, -0.00251087, -0.0215636
38636, -0.00340341, -0.0028716, -0.0213574
38641, -0.00296024, -0.000853851, -0.0224176
38642, -0.0030841, -0.0012918, -0.0222008
38643, -0.0032086, -0.00171774, -0.0219918
38678, -0.00277777, -0.00444445, -0.0204589
38680, -0.00247672, -0.00471263, -0.0202983
38681, -0.002124, -0.00501396, -0.0201441
38682, -0.00170329, -0.00529401, -0.0200035
38689, -0.00330977, -0.00354573, -0.0209768
38690, -0.00318716, -0.00386275, -0.0207935
38691, -0.00301261, -0.00416032, -0.0206193
38857, -0.00212044, 0.00312024, -0.0241163
38871, -0.00228735, 0.00434573, -0.0246219
38873, -0.00221799, 0.00409745, -0.0245168
38874, -0.00216222, 0.00379818, -0.0243957
38875, -0.00212708, 0.00348371, -0.0242608
38882, -0.00261677, 0.00484922, -0.0248673
38883, -0.00249324, 0.0047101, -0.0247979
38884, -0.00237144, 0.00455596, -0.0247117
38920, -0.00231859, 0.00143549, -0.0234325
38922, -0.00242233, 0.000977076, -0.0232425
38923, -0.00254586, 0.000514424, -0.0230397
38924, -0.0026789, 5.03097e-05, -0.0228319
38931, -0.00212755, 0.00273224, -0.0239567
38932, -0.00217184, 0.00232044, -0.0237902
38933, -0.00223448, 0.00188204, -0.0236208
