2075, 0.00108852, -0.000669194, -0.00482116
2213, -0.00156932, -0.000813142, -0.0145218
32896, -0.00132207, -0.0025031, -0.00680864
33401, -0.00176398, -0.000456001, -0.00786101
33541, -0.00179794, -0.000890788, -0.00672728
33553, -0.00196925, -0.000713825, -0.00696552
33558, -0.00195122, -0.000746967, -0.00686311
33559, -0.00188501, -0.000786028, -0.00677271
33565, -0.00190755, -0.000609377, -0.00732386
33566, -0.0018297, -0.000532257, -0.00756854
33567, -0.0019469, -0.000666182, -0.00713386
33598, -0.00152318, -0.00165352, -0.00666132
33604, -0.00142252, -0.00211874, -0.00675053
33605, -0.00146656, -0.00189958, -0.00670114
33606, -0.0013725, -0.00232402, -0.00678379
33613, -0.00164874, -0.00118064, -0.00662022
33616, -0.00173204, -0.00103163, -0.00664372
33617, -0.00158146, -0.00139852, -0.006623
33771, -0.00146055, 9.64526e-05, -0.0116341
33788, -0.00150151, -0.00013339, -0.0133979
33794, -0.00148105, 4.19903e-05, -0.0125652
33795, -0.00149081, -3.49727e-05, -0.0129969
33796, -0.00146308, 9.14847e-05, -0.0121127
33804, -0.00153109, -0.000433878, -0.0140772
33805, -0.00155144, -0.000615957, -0.0143354
33806, -0.0015159, -0.000267837, -0.0137647
33840, -0.00149772, -8.17897e-05, -0.00962558
33846, -0.00161117, -0.00026824, -0.00865325
33847, -0.00155694, -0.00018246, -0.00913948
33848, -0.00168219, -0.000364473, -0.00824325
33856, -0.0014552, 5.41762e-05, -0.0106388
33857, -0.0014532, 8.26902e-05, -0.0111458
33858, -0.00146482, -3.7121e-06, -0.0101327
34376, -0.00148851, -0.00121444, -0.0051482
34493, -0.000513395, -0.000259591, -0.00516938
34504, -0.00111806, -0.000428793, -0.00505894
34509, -0.000935316, -0.000349183, -0.00509569
34510, -0.000735064, -0.000294584, -0.00513589
34516, -0.00140319, -0.000744951, -0.00504446
34517, -0.00147177, -0.000980121, -0.00506767
34518, -0.00128349, -0.000577895, -0.00504671
34547, 0.000396516, -0.000320734, -0.00513546
34553, 0.000811429, -0.000473651, -0.00500105
34554, 0.000606941, -0.000387122, -0.00507747
34555, 0.000973135, -0.000569692, -0.00491505
34562, -5.73388e-05, -0.00024821, -0.00519685
34563, -0.000286556, -0.000245154, -0.00519419
34564, 0.000173627, -0.000275212, -0.00517731
34711, -0.000981176, -0.00288908, -0.00648483
34723, -0.00109644, -0.0029426, -0.00677217
34729, -0.0010324, -0.00296859, -0.00667034
34730, -0.00105901, -0.00298201, -0.00674257
34731, -0.000993282, -0.00294416, -0.00656899
34738, -0.0012112, -0.00277504, -0.00682498
34739, -0.00126925, -0.00264863, -0.00681636
34740, -0.00115621, -0.00286924, -0.0068255
34772, -0.001155, -0.00230177, -0.00587159
34778, -0.00136922, -0.00177465, -0.00549599
34779, -0.00129064, -0.00202228, -0.00568613
34780, -0.00144252, -0.00149087, -0.00531556
34787, -0.00102785, -0.0026262, -0.00623316
34788, -0.0010249, -0.00275079, -0.00639557
34789, -0.00106113, -0.00249492, -0.00605088
39563, -0.00136752, -0.00218983, -0.00828896
39614, -0.00165422, -0.00248634, -0.0103821
39645, -0.00147659, -0.00270278, -0.00921689
39674, -0.00161766, -0.0026805, -0.00953209
39679, -0.0015821, -0.00270567, -0.00940743
39680, -0.00152922, -0.0027204, -0.00930227
39687, -0.00165885, -0.00259261, -0.00987581
39688, -0.00167423, -0.00252119, -0.0101046
39689, -0.00163456, -0.00264748, -0.00967866
39720, -0.00134894, -0.00242495, -0.00884814
39727, -0.00135262, -0.0022826, -0.00859901
39728, -0.00134128, -0.00235273, -0.00873591
39729, -0.00135931, -0.00222843, -0.00845001
39736, -0.001392, -0.00259478, -0.00904896
39737, -0.00143234, -0.00265866, -0.00913596
39738, -0.00135871, -0.00250746, -0.00895342
39856, -0.00158944, -0.00209834, -0.0134913
39893, -0.00161703, -0.00160492, -0.0145099
39900, -0.00160599, -0.00190041, -0.0140985
39901, -0.00161068, -0.00176119, -0.0143282
39902, -0.00159548, -0.00201016, -0.0138071
39909, -0.00160209, -0.00122913, -0.0146702
39910, -0.00158579, -0.00103041, -0.0146415
39911, -0.00160449, -0.0014249, -0.0146225
39942, -0.00158197, -0.00232758, -0.0119085
39949, -0.00161397, -0.00239993, -0.0110903
39950, -0.00159195, -0.00236401, -0.0114857
39951, -0.00163761, -0.00244496, -0.010721
39958, -0.00157627, -0.00222813, -0.0127397
39959, -0.00158293, -0.00216925, -0.0131266
39960, -0.00158168, -0.00227573, -0.0123164
40550, -0.000274492, -0.00245713, -0.00489227
40581, 0.00104567, -0.00174395, -0.00431693
40610, 0.000542592, -0.00217447, -0.00444178
40615, 0.000731961, -0.00204332, -0.00437518
40616, 0.00089455, -0.00189775, -0.00433436
40624, 0.00011185, -0.0023629, -0.00464208
40625, -7.36004e-05, -0.00241368, -0.00473566
40626, 0.00031766, -0.00229179, -0.00454143
40657, 0.00128971, -0.00115931, -0.00447571
40664, 0.00125636, -0.000898828, -0.00463767
40665, 0.00129372, -0.00102579, -0.00455376
40666, 0.00118968, -0.000786603, -0.0047252
40673, 0.00121913, -0.0014368, -0.00436084
40674, 0.00114116, -0.00158258, -0.00432225
40675, 0.00126508, -0.00129454, -0.00441499
40793, -0.00119916, -0.00231516, -0.00655738
40826, -0.00135909, -0.00219047, -0.0075154
40833, -0.00130173, -0.00225098, -0.00704342
40834, -0.00133498, -0.00222833, -0.00728283
40835, -0.00125719, -0.00228288, -0.00680554
40842, -0.00137828, -0.0021704, -0.00793249
40843, -0.00137196, -0.00216936, -0.00811594
40844, -0.00137297, -0.00216818, -0.00772696
40875, -0.000867986, -0.00245021, -0.00558574
40882, -0.000622219, -0.00249238, -0.0051881
40883, -0.000756435, -0.00247737, -0.00538057
40884, -0.000438482, -0.0024892, -0.00502405
40891, -0.00105831, -0.00238097, -0.0060527
40892, -0.0011298, -0.00234544, -0.00629801
40893, -0.000972157, -0.00241893, -0.00581182
