201, -0.00408205, 0.00221767, -0.0257518
311, -0.0038658, 0.00314656, -0.0264257
8532, -0.00302031, 0.00665741, -0.0273074
8533, -0.00326919, 0.00543345, -0.0270963
8534, -0.00315958, 0.00576469, -0.0271562
8547, -0.00340347, 0.00509738, -0.0270343
8548, -0.00356353, 0.0047524, -0.0269656
8549, -0.00303031, 0.0063784, -0.027258
8552, -0.00307911, 0.00607775, -0.0272084
8553, -0.00304012, 0.0069152, -0.0273598
8554, -0.00308186, 0.00715997, -0.0274048
8555, -0.003147, 0.00736819, -0.027445
8556, -0.00360481, 0.00798446, -0.027573
8559, -0.00375057, 0.00807183, -0.0275927
8560, -0.00347171, 0.00786577, -0.0275502
8562, -0.00323328, 0.00755809, -0.0274805
8563, -0.00334087, 0.00772105, -0.0275166
8753, -0.00434912, 0.00241194, -0.0262285
8754, -0.00412414, 0.00220933, -0.0258426
8755, -0.00415308, 0.00221499, -0.0259005
8756, -0.00418883, 0.00223786, -0.0259697
8761, -0.00439126, 0.0031496, -0.0266047
8762, -0.0044348, 0.00288582, -0.0265187
8763, -0.00409861, 0.00220746, -0.0257886
8765, -0.00428973, 0.00233712, -0.0261375
8768, -0.00423062, 0.00227788, -0.0260476
8769, -0.00440928, 0.00253128, -0.0263249
8770, -0.00444052, 0.00269063, -0.0264171
8771, -0.00427294, 0.0034462, -0.0266846
8775, -0.0041093, 0.00376602, -0.0267603
8776, -0.00392421, 0.00408403, -0.0268317
8778, -0.00373252, 0.00441661, -0.0269002
8820, -0.00381276, 0.00315236, -0.0264345
9322, -0.0035008, 0.00409906, -0.027003
9323, -0.00360567, 0.00439949, -0.0270668
9482, -0.00418109, 0.00535628, -0.0272592
9486, -0.00398488, 0.00502757, -0.0272019
9487, -0.00378772, 0.00470664, -0.027138
9488, -0.00342353, 0.003852, -0.0269162
9490, -0.0036863, 0.00319517, -0.0265143
9491, -0.00373142, 0.00317498, -0.0264773
9492, -0.00377047, 0.00315869, -0.0264541
9496, -0.00358443, 0.00328264, -0.0266206
9499, -0.0036366, 0.00323129, -0.0265648
9500, -0.00352596, 0.00336579, -0.0266784
9502, -0.00342995, 0.00363324, -0.0268403
9503, -0.00345871, 0.00347335, -0.0267608
9663, -0.00483074, 0.00688569, -0.0274884
9664, -0.00486755, 0.00736652, -0.0275472
9690, -0.00405298, 0.00815775, -0.0276221
9691, -0.00420089, 0.00816297, -0.0276264
9692, -0.00434229, 0.00813001, -0.027635
9693, -0.00478381, 0.00773084, -0.0275942
9696, -0.00483839, 0.0075584, -0.0275733
9697, -0.00469899, 0.00788549, -0.0276158
9698, -0.0047614, 0.00660644, -0.0274509
9699, -0.00447258, 0.00808251, -0.0276317
9700, -0.00460148, 0.00800134, -0.0276226
9701, -0.00486468, 0.0071334, -0.0275208
9702, -0.00466091, 0.00631507, -0.0274113
9703, -0.00452062, 0.00599854, -0.027365
9705, -0.00436032, 0.00568137, -0.0273134
9785, -0.00375141, -0.00148304, -0.0259508
9786, -0.00383381, -0.00163607, -0.0259715
9787, -0.00385248, 0.000116916, -0.0258051
9788, -0.00376776, -0.000143765, -0.0258225
9789, -0.00369883, -0.000403437, -0.0258391
9841, -0.00389949, 0.00812264, -0.0276123
10037, -0.00449476, -0.00209288, -0.0261025
10038, -0.00365688, -0.00110034, -0.0259042
10039, -0.00365567, -0.000648115, -0.0258571
10069, -0.0043337, -0.00204624, -0.0260756
10070, -0.00419165, -0.00197456, -0.0260517
10073, -0.0036916, -0.0013018, -0.0259258
10076, -0.00363934, -0.000878645, -0.0258762
10077, -0.00393842, -0.00176977, -0.0259987
10078, -0.00405864, -0.00188413, -0.0260252
10079, -0.00465218, -0.00211771, -0.0261227
10248, -0.0043095, 0.00118326, -0.0257534
10249, -0.00434397, 0.0019614, -0.0256947
10265, -0.00411791, 0.002217, -0.0256739
10266, -0.00409276, 0.00223002, -0.0256832
10274, -0.00407579, 0.00222937, -0.0257231
10285, -0.00441718, 0.00164474, -0.0257237
10286, -0.00436932, 0.00142239, -0.0257404
10295, -0.0040775, 0.00223193, -0.0256968
10296, -0.00439576, 0.00183096, -0.0257105
10297, -0.00427401, 0.00206037, -0.0256791
10298, -0.00407884, 0.000657635, -0.0257765
10299, -0.00415544, 0.00218221, -0.0256703
10300, -0.00421037, 0.00213323, -0.0256741
10301, -0.00420035, 0.000925495, -0.0257647
10304, -0.00396049, 0.000388212, -0.0257935
10703, -0.00577709, -0.00146783, -0.0262602
10704, -0.00556159, -0.00176255, -0.0262309
10705, -0.00591221, -0.00109375, -0.0262825
11045, -0.00486614, 0.00183733, -0.0264233
11046, -0.00520681, 0.0012832, -0.0264062
11047, -0.00553514, 0.000700089, -0.0263809
11048, -0.00441536, 0.00268637, -0.0264271
11049, -0.00460612, 0.00232038, -0.0264284
11057, -0.00450422, 0.00251921, -0.0264281
11069, -0.00392762, 0.00313887, -0.02642
11073, -0.00472842, 0.00208962, -0.0264278
11080, -0.00537963, 0.000989133, -0.026397
11081, -0.00503301, 0.00156678, -0.026414
11082, -0.00433168, 0.00282407, -0.0264264
11083, -0.00407395, 0.00307498, -0.0264189
11084, -0.00424599, 0.00292934, -0.0264237
11086, -0.0041588, 0.0030139, -0.0264211
11087, -0.00400089, 0.00311412, -0.0264192
11221, -0.00528199, -0.00196533, -0.0262006
11222, -0.00542317, -0.00187454, -0.026218
11239, -0.00497504, -0.00208598, -0.026165
11242, -0.00513233, -0.00203575, -0.026183
11243, -0.00567799, -0.00162728, -0.0262439
11244, -0.00585508, -0.00128768, -0.0262709
11245, -0.00594546, -0.00088152, -0.0262972
11249, -0.00587289, -0.000142829, -0.0263399
11250, -0.0059486, -0.00064989, -0.0263131
11252, -0.00592877, -0.000409276, -0.0263239
11253, -0.00578738, 0.000131043, -0.0263546
11257, -0.00567242, 0.000412177, -0.0263678
11801, -0.00481281, -0.00210897, -0.0261461
