2112, -0.00135829, -0.00553094, -0.0149686
2179, -0.00254857, 0.000417328, -0.021282
34842, 0.00147386, -0.00369465, -0.0176685
35327, -0.000570858, 0.000234507, -0.0198735
35358, 0.000258306, -0.000885001, -0.0189058
35387, -0.000118365, -0.000285676, -0.0193242
35392, 3.96056e-06, -0.000461815, -0.0191864
35393, 0.000132043, -0.000661414, -0.019046
35400, -0.000352095, 9.25619e-06, -0.0195979
35401, -0.000464271, 0.000130655, -0.019734
35402, -0.000235968, -0.000128459, -0.0194609
35433, 0.00081233, -0.00208046, -0.0183045
35440, 0.0011215, -0.00283743, -0.0179836
35441, 0.000971299, -0.00245139, -0.0181393
35442, 0.00129986, -0.0032608, -0.0178232
35449, 0.000526345, -0.00143091, -0.0186113
35450, 0.000396442, -0.00114337, -0.0187638
35451, 0.000662618, -0.00174077, -0.0184629
35569, -0.00143557, 0.000798044, -0.0207561
35602, -0.00205714, 0.000744217, -0.0210322
35609, -0.00175326, 0.000810569, -0.0208967
35610, -0.00190816, 0.000786634, -0.0209648
35611, -0.00159529, 0.000813673, -0.0208272
35618, -0.00232745, 0.000607173, -0.0211679
35619, -0.00244206, 0.000516139, -0.0212285
35620, -0.0021948, 0.000685488, -0.0211009
35651, -0.000937741, 0.00058198, -0.0203814
35658, -0.000760456, 0.00042273, -0.020139
35659, -0.000847043, 0.000504386, -0.0202624
35660, -0.000666697, 0.000333774, -0.0200059
35667, -0.00115047, 0.00071529, -0.0205953
35668, -0.00128707, 0.000761834, -0.020681
35669, -0.00103429, 0.000652885, -0.0204954
36257, 0.00400256, -0.0081019, -0.0153195
36288, 0.0025708, -0.00713896, -0.0150229
36317, 0.00348402, -0.00768909, -0.0150951
36322, 0.0032358, -0.00750755, -0.0150509
36323, 0.00293572, -0.00733347, -0.015032
36330, 0.00384877, -0.00795605, -0.015176
36331, 0.00395023, -0.00804484, -0.0152445
36332, 0.00370261, -0.00783619, -0.0151269
36363, 0.000752827, -0.00632547, -0.0149866
36370, -0.000311614, -0.00592486, -0.014974
36371, 0.000224786, -0.00612275, -0.0149705
36372, -0.000847164, -0.00572127, -0.0149652
36379, 0.00173206, -0.00672636, -0.014996
36380, 0.00216996, -0.00693296, -0.0150102
36381, 0.00126308, -0.006527, -0.0149884
36499, 0.00311483, -0.00698283, -0.0163701
36532, 0.00227599, -0.00548187, -0.0170363
36539, 0.00270421, -0.00628912, -0.0167176
36540, 0.00249166, -0.00590099, -0.0168752
36541, 0.00291734, -0.00666284, -0.0165389
36548, 0.00186135, -0.00458892, -0.0173622
36549, 0.00166669, -0.00414095, -0.017516
36550, 0.00206684, -0.00503871, -0.0172033
36581, 0.00380031, -0.00790822, -0.0157554
36588, 0.00399756, -0.0080861, -0.0155128
36589, 0.00390757, -0.00801224, -0.0156286
36590, 0.00402311, -0.00810943, -0.0154079
36597, 0.0034909, -0.00754243, -0.0160346
36598, 0.00332045, -0.00729033, -0.0162076
36599, 0.00365394, -0.00773119, -0.0159018
36768, -0.00248748, 0.0031045, -0.0197177
36839, -0.00348524, 0.00152707, -0.0211974
36956, -0.00343985, 0.00241067, -0.0202427
36967, -0.00366357, 0.00210378, -0.0206852
36972, -0.00361933, 0.00220072, -0.0205359
36973, -0.00354292, 0.0023007, -0.0203882
36979, -0.00364742, 0.00185714, -0.0209595
36980, -0.0035853, 0.00170352, -0.0210862
36981, -0.00367313, 0.00198706, -0.0208283
37010, -0.00295736, 0.00286101, -0.0198963
37016, -0.00272271, 0.00304284, -0.0198198
37017, -0.00283592, 0.00296227, -0.0198662
37018, -0.00260228, 0.00309041, -0.0197705
37025, -0.00319995, 0.0026307, -0.020018
37026, -0.00331989, 0.00250829, -0.0201236
37027, -0.00307571, 0.00274667, -0.0199505
37174, -0.00270154, 0.000101853, -0.0215836
37186, -0.0027746, 7.7096e-05, -0.0214531
37192, -0.002759, 3.08338e-05, -0.0215238
37193, -0.00278256, 4.25803e-05, -0.0214857
37194, -0.00273372, 4.77717e-05, -0.0215572
37201, -0.00269717, 0.000221328, -0.0213742
37202, -0.00263894, 0.000318719, -0.0213315
37203, -0.0027505, 0.000138983, -0.0214129
37236, -0.0029033, 0.000739905, -0.0215279
37242, -0.00321784, 0.00115093, -0.0213889
37243, -0.00306112, 0.000947639, -0.021469
37244, -0.00336575, 0.0013508, -0.0213007
37251, -0.00271478, 0.000353163, -0.0215998
37252, -0.0026826, 0.000204935, -0.0216024
37253, -0.00277286, 0.000539925, -0.0215698
38461, -0.00271512, -0.0010008, -0.0172426
38721, -0.00359835, -0.00354115, -0.0156786
38732, -0.00337756, -0.00252442, -0.0163183
38737, -0.00350571, -0.00287366, -0.0160924
38738, -0.00358505, -0.00321763, -0.0158728
38750, -0.0030713, -0.0017805, -0.016779
38751, -0.00289254, -0.00139214, -0.0170144
38752, -0.00323768, -0.00216213, -0.0165435
38782, -0.0029857, -0.00464663, -0.015134
38788, -0.00229419, -0.00509882, -0.0150121
38789, -0.00267904, -0.00487347, -0.015064
38790, -0.00185013, -0.00532029, -0.014984
38797, -0.00345182, -0.00412477, -0.0153481
38798, -0.00354664, -0.0038293, -0.0155123
38799, -0.00326658, -0.00439536, -0.0152248
38963, -0.00192019, 0.00188667, -0.0188008
38975, -0.00209119, 0.00279182, -0.019344
38981, -0.00196514, 0.00240493, -0.0190956
38982, -0.00201464, 0.00261539, -0.0192245
38984, -0.00193339, 0.00214923, -0.0189531
38991, -0.00226936, 0.00302341, -0.0195612
38992, -0.00237317, 0.00308772, -0.0196455
38993, -0.00217934, 0.00291523, -0.0194631
39051, -0.00212939, 0.000551021, -0.0180877
39057, -0.00238136, -0.000208779, -0.0176775
39058, -0.00224633, 0.00017618, -0.0178907
39059, -0.00254329, -0.000604047, -0.0174645
39066, -0.00197918, 0.0012603, -0.0184656
39067, -0.00193666, 0.00158932, -0.0186371
39068, -0.00203636, 0.000918849, -0.0182773
