215, -0.00459997, 0.00316659, -0.0342584
297, -0.00420656, 0.00431945, -0.0350665
2595, -0.00422591, 0.00669568, -0.0354947
7874, -0.00378137, 0.011448, -0.0370676
7881, -0.00355363, 0.00890176, -0.03626
7884, -0.00389562, 0.00755839, -0.0358032
7885, -0.00375307, 0.00800409, -0.0359576
7925, -0.00423138, 0.0119552, -0.0372356
7964, -0.00349367, 0.00933949, -0.0363996
7969, -0.00347668, 0.00975264, -0.0365354
7971, -0.00405061, 0.0071176, -0.0356424
7976, -0.00364129, 0.00845042, -0.0361088
8005, -0.00391744, 0.0116732, -0.0371369
8006, -0.0040695, 0.0118356, -0.0371937
8008, -0.00358009, 0.0108704, -0.0368864
8011, -0.00367447, 0.0111862, -0.0369867
8012, -0.0035146, 0.0105439, -0.036788
8032, -0.00348379, 0.0101611, -0.0366685
8133, -0.00480151, 0.00417995, -0.034585
8134, -0.00474564, 0.00402773, -0.03452
8153, -0.0046368, 0.00359208, -0.0343641
8167, -0.00470028, 0.00387962, -0.0344619
8170, -0.00461616, 0.00344973, -0.0343249
8173, -0.00460441, 0.00330813, -0.0342891
8175, -0.00466276, 0.00373579, -0.0344105
8196, -0.00475016, 0.0055111, -0.0350661
8197, -0.00459519, 0.00588826, -0.0351965
8199, -0.00491007, 0.00457496, -0.034744
8200, -0.00490537, 0.00484919, -0.0348429
8211, -0.0044157, 0.00628382, -0.0353367
8213, -0.00486024, 0.00516169, -0.0349456
8232, -0.00486545, 0.00435502, -0.0346604
8806, -0.00518027, 0.0116456, -0.0371678
8812, -0.00412833, 0.00515476, -0.035117
8857, -0.00544736, 0.01052, -0.0368543
8858, -0.00544431, 0.0101582, -0.0367469
8864, -0.00418619, 0.00473637, -0.0350727
8879, -0.00425012, 0.0066168, -0.0355357
8902, -0.00459826, 0.00735857, -0.0357959
8915, -0.00403501, 0.00571577, -0.0352492
8916, -0.00478371, 0.00775163, -0.0359372
8917, -0.0041322, 0.00626354, -0.0354299
8918, -0.00404963, 0.00598364, -0.0353313
8920, -0.00441434, 0.00697483, -0.0356644
8940, -0.00419069, 0.00459832, -0.0350695
8944, -0.00409501, 0.00531319, -0.0351489
8953, -0.004176, 0.00487395, -0.0350815
8954, -0.0041976, 0.00445918, -0.0350676
8956, -0.00415719, 0.00501329, -0.0350942
8973, -0.0040544, 0.00548989, -0.0351922
9078, -0.00528697, 0.0114231, -0.0371077
9082, -0.00536275, 0.0111466, -0.03703
9086, -0.0045706, 0.0120588, -0.0372656
9087, -0.00474271, 0.0120298, -0.0372644
9090, -0.00523747, 0.00896538, -0.0363694
9091, -0.0053438, 0.00937569, -0.036509
9109, -0.00540645, 0.00977115, -0.0366206
9121, -0.0050447, 0.0118106, -0.0372129
9123, -0.00489857, 0.0119511, -0.0372467
9144, -0.00510989, 0.00855934, -0.0362229
9166, -0.00542725, 0.0108527, -0.0369486
9267, -0.00495759, 0.00815262, -0.0360815
9758, -0.00439866, 0.0120388, -0.037256
10421, -0.00431824, -0.000533121, -0.0346244
10428, -0.00400689, -0.00279192, -0.0353098
10429, -0.00403659, -0.00169851, -0.0349762
10432, -0.00398265, -0.0024501, -0.0352028
10435, -0.00399765, -0.00207791, -0.0350924
10437, -0.00420655, -0.000920989, -0.034741
10438, -0.00410985, -0.00130904, -0.0348554
10486, -0.00412669, -0.00341432, -0.0355101
10488, -0.00435558, -0.00390828, -0.035673
10497, -0.00405391, -0.00312211, -0.0354201
10499, -0.00501735, -0.00435816, -0.0358945
10503, -0.00483706, -0.00430898, -0.0358573
10504, -0.00422764, -0.00367642, -0.0355881
10506, -0.00466352, -0.00422781, -0.0358157
10508, -0.00449854, -0.00408975, -0.0357535
10637, -0.0047206, 0.00246915, -0.0341465
10639, -0.00485025, 0.00217751, -0.034118
10642, -0.00477894, 0.00232893, -0.03413
10647, -0.00463973, 0.00274647, -0.0341865
10649, -0.00467327, 0.00260724, -0.0341659
10653, -0.00460414, 0.0030261, -0.0342327
10656, -0.00461698, 0.00288577, -0.0342087
10687, -0.00460781, 0.000217312, -0.0344204
10689, -0.00488391, 0.000922288, -0.0342507
10690, -0.00475868, 0.000575709, -0.0343242
10693, -0.00497967, 0.0017983, -0.0341235
10694, -0.00500484, 0.00154963, -0.0341542
10773, -0.0043072, 0.00369743, -0.0350447
10861, -0.00492707, 0.00199906, -0.0341173
10864, -0.00497408, 0.00125224, -0.0341919
10880, -0.00445502, -0.000155457, -0.0345168
11278, -0.00422009, 0.0041726, -0.0350657
11394, -0.00512399, 0.0013104, -0.035054
11402, -0.00460451, 0.00239537, -0.0349805
11407, -0.00451979, 0.00268113, -0.0349797
11408, -0.00472839, 0.00206307, -0.0349934
11409, -0.00533642, 0.000906196, -0.0351034
11414, -0.00555481, 0.000494903, -0.0351705
11417, -0.00491496, 0.00169254, -0.0350133
11440, -0.00427497, 0.00386543, -0.0350538
11441, -0.00424308, 0.00402421, -0.0350613
11444, -0.00438368, 0.00334852, -0.0350149
11445, -0.00434833, 0.00352911, -0.0350272
11451, -0.00442161, 0.00315538, -0.0349986
11466, -0.00445191, 0.00293872, -0.0349846
11593, -0.00612214, -0.00342137, -0.0358501
11601, -0.00601302, -0.00368146, -0.0358843
11602, -0.00620308, -0.00310704, -0.0357911
11609, -0.00538086, -0.00433151, -0.0359317
11610, -0.00556148, -0.00422265, -0.035935
11611, -0.00572436, -0.00409105, -0.0359249
11632, -0.00587669, -0.00390176, -0.0359051
11648, -0.00591768, -0.000347788, -0.0353038
11649, -0.00624393, -0.00162108, -0.0355375
11650, -0.00616386, -0.00119877, -0.0354541
11654, -0.0060618, -0.00077783, -0.0353852
11655, -0.00629538, -0.00241678, -0.0356792
11656, -0.00628628, -0.00203029, -0.035614
11681, -0.00626833, -0.00277701, -0.0357379
11694, -0.00574604, 7.603e-05, -0.0352254
11805, -0.00520101, -0.00437214, -0.0359273
