629, -0.00449646, 0.00293919, -0.0235873
686, -0.0121226, -0.000123171, -0.0205559
15663, -0.00946328, 0.00209738, -0.0211491
16148, -0.0125189, -0.00139586, -0.0194597
16179, -0.0111154, -0.000270387, -0.0201293
16208, -0.0117677, -0.000915947, -0.0197725
16213, -0.0115505, -0.000723326, -0.0198793
16214, -0.0113362, -0.000508025, -0.0200012
16221, -0.0121596, -0.00121194, -0.019583
16222, -0.0123455, -0.00132557, -0.0195114
16223, -0.011972, -0.00107912, -0.019668
16254, -0.0102526, 0.000871581, -0.0206844
16261, -0.00984116, 0.00149044, -0.020947
16262, -0.0100477, 0.00118256, -0.0208169
16263, -0.00964952, 0.00180065, -0.0210433
16270, -0.0106784, 0.000274182, -0.0204068
16271, -0.0108966, -5.70282e-06, -0.020271
16272, -0.0104638, 0.000566608, -0.0205473
16390, -0.0131529, -0.00114344, -0.0196433
16423, -0.0128455, -0.000658701, -0.0200711
16430, -0.0130478, -0.000919541, -0.0198383
16431, -0.0129665, -0.000790178, -0.0199479
16432, -0.0131096, -0.00103663, -0.019741
16439, -0.0125431, -0.000384511, -0.0203045
16440, -0.0123442, -0.000252202, -0.0204317
16441, -0.0127122, -0.000521186, -0.0201811
16472, -0.0130045, -0.00144064, -0.0194129
16479, -0.0127988, -0.00147121, -0.0193917
16480, -0.0129041, -0.00145695, -0.0193899
16481, -0.0126592, -0.00144252, -0.0194204
16488, -0.0131252, -0.00132723, -0.0194959
16489, -0.0131497, -0.00124651, -0.0195652
16490, -0.0130685, -0.00139059, -0.0194567
17078, -0.00647542, 0.00360159, -0.0229246
17110, -0.00558016, 0.00361602, -0.0234165
17139, -0.0060049, 0.00359847, -0.0232759
17144, -0.00587928, 0.00361338, -0.0233361
17145, -0.00573893, 0.00361915, -0.0233807
17152, -0.00622706, 0.00358418, -0.0231176
17153, -0.00634301, 0.00358969, -0.0230216
17154, -0.00611726, 0.00358849, -0.023198
17185, -0.00493228, 0.00341647, -0.0235078
17192, -0.00468456, 0.00319255, -0.0235472
17193, -0.00479088, 0.00330457, -0.0235314
17194, -0.00457631, 0.00306313, -0.0235702
17201, -0.00524518, 0.00355182, -0.0234676
17202, -0.00541309, 0.00359558, -0.0234444
17203, -0.00508309, 0.00349437, -0.0234858
17321, -0.00792615, 0.00366585, -0.0219928
17354, -0.00872657, 0.00314861, -0.0215172
17361, -0.00833856, 0.0034873, -0.0217425
17362, -0.00853105, 0.00333927, -0.0216211
17363, -0.00813832, 0.00359297, -0.0218659
17370, -0.00909662, 0.00265515, -0.0213432
17371, -0.00928306, 0.00238904, -0.0212534
17372, -0.00891491, 0.00291552, -0.0214243
17403, -0.0071332, 0.00369682, -0.0224805
17410, -0.00678002, 0.00364743, -0.0227079
17411, -0.00695051, 0.00367275, -0.0225992
17412, -0.00661962, 0.00362554, -0.0228138
17419, -0.00752636, 0.00371657, -0.0222397
17420, -0.00772538, 0.00370947, -0.022118
17421, -0.00732678, 0.00370591, -0.0223608
17590, -0.00452245, 0.00393685, -0.0232349
17661, -0.0072412, 0.00109783, -0.0222917
17778, -0.00586273, 0.00215071, -0.0228653
17789, -0.00638039, 0.00159867, -0.022637
17794, -0.00620836, 0.00176994, -0.0227191
17795, -0.00602855, 0.00195106, -0.0227923
17801, -0.00679402, 0.00131704, -0.0224725
17802, -0.00700317, 0.00120263, -0.0223807
17803, -0.0065819, 0.00144293, -0.0225556
17832, -0.00522229, 0.00303741, -0.0230893
17838, -0.00488494, 0.00348967, -0.0231606
17839, -0.00505619, 0.00326479, -0.0231289
17840, -0.00470494, 0.00371516, -0.0231972
17847, -0.00554103, 0.00258173, -0.0229914
17848, -0.00570155, 0.00236091, -0.0229323
17849, -0.00538334, 0.0028107, -0.0230503
17996, -0.00967895, 0.000601858, -0.0214991
18008, -0.0110036, 0.000312729, -0.0210423
18014, -0.010355, 0.000476639, -0.0212721
18015, -0.0106834, 0.000399043, -0.0211589
18016, -0.0100205, 0.000543216, -0.0213853
18023, -0.0116099, 0.000112399, -0.0207983
18024, -0.011872, -1.23272e-06, -0.0206746
18025, -0.0113131, 0.000214808, -0.0209204
18057, -0.00836025, 0.000814275, -0.0219077
18063, -0.00777493, 0.000934339, -0.0221101
18064, -0.00806263, 0.000877724, -0.0220077
18065, -0.0074968, 0.0010084, -0.0221993
18072, -0.00900508, 0.000713429, -0.0217051
18073, -0.0093386, 0.00065846, -0.0216018
18074, -0.00867624, 0.000759416, -0.0218101
18591, -0.00356947, 0.00404206, -0.0239445
18708, -0.00446996, 0.00254471, -0.0238853
18719, -0.00432639, 0.00305816, -0.0239825
18724, -0.00441408, 0.00285301, -0.0239661
18725, -0.00446872, 0.00267802, -0.0239331
18731, -0.00395327, 0.00355025, -0.0239831
18732, -0.00376165, 0.00380172, -0.0239696
18733, -0.00414838, 0.00329861, -0.024001
18763, -0.00436938, 0.00251734, -0.0236861
18769, -0.00439895, 0.00269248, -0.0236319
18770, -0.00437061, 0.00259933, -0.0236585
18771, -0.00443622, 0.00281542, -0.0236102
18778, -0.00439996, 0.00245414, -0.0237757
18779, -0.0044334, 0.0024773, -0.023833
18780, -0.0043784, 0.00247122, -0.0237301
18928, -0.00324552, 0.00504839, -0.0236434
18940, -0.00380143, 0.00469616, -0.0234395
18946, -0.00348894, 0.00493754, -0.0235514
18947, -0.0036351, 0.00482968, -0.0235047
18948, -0.00336101, 0.00501358, -0.0235991
18955, -0.0041561, 0.00434701, -0.0233307
18956, -0.00434093, 0.00414422, -0.0232822
18957, -0.00397532, 0.00452759, -0.0233879
18989, -0.00311671, 0.0048084, -0.023812
18995, -0.00327137, 0.00447588, -0.0238869
18996, -0.0031746, 0.00465815, -0.0238492
18997, -0.00339736, 0.00426703, -0.023907
19004, -0.00311754, 0.00500599, -0.0237327
19005, -0.00317367, 0.00504632, -0.0236926
19006, -0.00309717, 0.00491635, -0.0237714
