206, -0.00426946, 0.00256604, -0.028695
306, -0.0039012, 0.00356702, -0.0294218
8364, -0.00363509, 0.00934374, -0.0309703
8365, -0.00332349, 0.00875976, -0.0308188
8366, -0.00340669, 0.00898726, -0.0308752
8434, -0.00322984, 0.00792837, -0.0306113
8451, -0.00331645, 0.00725397, -0.0304504
8455, -0.00325803, 0.00760648, -0.0305349
8460, -0.00339817, 0.00689571, -0.0303594
8462, -0.00365676, 0.0061498, -0.0301804
8464, -0.0038205, 0.00577326, -0.030086
8465, -0.00351544, 0.00653033, -0.0302743
8490, -0.00377997, 0.00948244, -0.0310062
8501, -0.00391938, 0.00957714, -0.0310337
8508, -0.00326038, 0.0085095, -0.0307528
8516, -0.00351464, 0.00917958, -0.0309255
8537, -0.00323159, 0.00823255, -0.0306857
8591, -0.00439963, 0.00294435, -0.0289948
8652, -0.00428005, 0.00263288, -0.0287331
8670, -0.00451613, 0.00316818, -0.0291842
8671, -0.00445237, 0.00304353, -0.0290843
8673, -0.00432347, 0.00277874, -0.0288425
8674, -0.0042998, 0.00270277, -0.0287832
8683, -0.00435538, 0.00285942, -0.028914
8700, -0.00417804, 0.00503121, -0.0298979
8704, -0.0043486, 0.0046673, -0.0297961
8716, -0.00450048, 0.00432334, -0.0297007
8726, -0.00462492, 0.0034956, -0.0293957
8727, -0.0046363, 0.00373322, -0.029496
8728, -0.00459781, 0.00400852, -0.0296004
8752, -0.00458416, 0.00331076, -0.0292831
8785, -0.00399752, 0.00539899, -0.0299941
8826, -0.00389815, 0.00570271, -0.0302074
8827, -0.00361273, 0.00503479, -0.0300253
8829, -0.00356054, 0.00475248, -0.0299315
9396, -0.00372269, 0.00536528, -0.0301171
9399, -0.00427905, 0.00640925, -0.0303865
9403, -0.00356905, 0.00453544, -0.0298422
9409, -0.00408659, 0.0060498, -0.0303005
9433, -0.00386794, 0.00365144, -0.0294281
9436, -0.00381222, 0.00380243, -0.029471
9437, -0.00383752, 0.00372396, -0.0294447
9442, -0.00374903, 0.0039714, -0.0295547
9449, -0.00365045, 0.00418753, -0.0296783
9459, -0.00370466, 0.00406892, -0.0296109
9460, -0.00378391, 0.00388269, -0.0295061
9481, -0.00359195, 0.0043444, -0.0297533
9557, -0.00486675, 0.0093097, -0.0309985
9589, -0.00494617, 0.00913041, -0.0309661
9590, -0.00477042, 0.00944713, -0.0310315
9602, -0.00422232, 0.00967497, -0.0310649
9606, -0.00451524, 0.0096264, -0.0310638
9607, -0.00437506, 0.00967052, -0.0310668
9610, -0.00465243, 0.00956541, -0.0310518
9637, -0.00476372, 0.00747463, -0.0306241
9638, -0.00501465, 0.00867799, -0.0308751
9641, -0.00462361, 0.00712313, -0.0305508
9644, -0.00487509, 0.00780482, -0.0306931
9648, -0.00499662, 0.00841706, -0.0308192
9654, -0.00495679, 0.00811803, -0.0307584
9670, -0.0049956, 0.00892518, -0.0309205
9713, -0.00446274, 0.00676809, -0.0304677
9763, -0.00386904, -0.00117094, -0.0291056
9782, -0.00436152, 0.000357804, -0.0288821
9804, -0.003982, -0.00238353, -0.0293456
9816, -0.00384454, -0.00171879, -0.0292066
9838, -0.00406861, 0.00964311, -0.0310555
9896, -0.00383723, -0.00145507, -0.0291538
9897, -0.00386261, -0.00196483, -0.029253
9899, -0.00392546, -0.000879755, -0.0290588
9902, -0.00401116, -0.000575322, -0.0290125
9903, -0.00411603, -0.000263893, -0.0289678
9920, -0.00447558, -0.00290458, -0.0295062
9941, -0.00480546, -0.00299695, -0.0295657
9944, -0.00408137, -0.00255174, -0.0293902
9945, -0.0046379, -0.00296852, -0.0295367
9947, -0.00419971, -0.00270256, -0.0294332
9950, -0.00433417, -0.00281575, -0.029471
9959, -0.00390922, -0.00218384, -0.0292998
10031, -0.00450004, 0.00200114, -0.0286647
10094, -0.00427751, 0.00243309, -0.0286484
10099, -0.00442832, 0.00210734, -0.0286486
10107, -0.0043717, 0.00220099, -0.0286389
10109, -0.00429517, 0.0023601, -0.0286383
10110, -0.00426806, 0.00250205, -0.0286665
10116, -0.00432588, 0.00228546, -0.0286342
10133, -0.00458402, 0.000966198, -0.0288078
10137, -0.00447799, 0.000669059, -0.0288436
10154, -0.00462632, 0.00169466, -0.0287108
10157, -0.00466319, 0.00149268, -0.0287424
10162, -0.00465328, 0.00124561, -0.0287744
10169, -0.0045769, 0.00187019, -0.0286843
10303, -0.00423389, 5.10094e-05, -0.0289225
10717, -0.00421591, 0.00303718, -0.0294469
10788, -0.00493376, 0.00142297, -0.0295259
10804, -0.00602883, -0.00120485, -0.0295976
10810, -0.0057182, -0.00258127, -0.0296406
10815, -0.00544973, -0.00282358, -0.0296329
10816, -0.00529724, -0.00291652, -0.0296209
10841, -0.00511587, 0.0010929, -0.0295315
10900, -0.00477917, 0.00174372, -0.0295176
10901, -0.00452882, 0.0022828, -0.0294945
10916, -0.00464759, 0.00202272, -0.0295067
10921, -0.00548338, 0.000416525, -0.0295483
10922, -0.00530516, 0.000757467, -0.0295376
10944, -0.00429599, 0.00288166, -0.02946
10945, -0.00407067, 0.00328625, -0.0294301
10946, -0.00394767, 0.00348775, -0.0294204
10959, -0.00436746, 0.00271101, -0.0294709
10961, -0.00400403, 0.00339371, -0.0294253
10970, -0.00414324, 0.00317052, -0.0294375
10973, -0.00444724, 0.00251953, -0.0294836
11051, -0.00588629, -0.000590907, -0.0295821
11101, -0.00592159, -0.00220963, -0.0296367
11102, -0.00583706, -0.0024085, -0.0296384
11108, -0.00513448, -0.00297181, -0.0296074
11111, -0.00559902, -0.00271545, -0.029637
11116, -0.00597302, -0.000905535, -0.029588
11117, -0.00578213, -0.000263229, -0.0295678
11145, -0.00603376, -0.00175111, -0.0296223
11147, -0.00603902, -0.00148573, -0.029611
11156, -0.00599191, -0.00199669, -0.0296282
11251, -0.00564609, 7.45637e-05, -0.0295548
11788, -0.00496829, -0.00299824, -0.0295879
