894, -0.00237078, -0.000499558, -0.0170268
1054, -0.00284002, 0.00128587, -0.0187306
24277, -0.00259771, 0.00146212, -0.012966
24340, -0.0025011, 0.00376805, -0.015125
24516, -0.00248693, 0.00293633, -0.0136488
24893, -0.00244984, 0.00342705, -0.0141559
24898, -0.00245825, 0.0032766, -0.0139638
24899, -0.00247012, 0.00311543, -0.0137962
24905, -0.00246595, 0.00363677, -0.0145878
24906, -0.00248334, 0.00371426, -0.0148491
24907, -0.00245609, 0.0035487, -0.0143715
24939, -0.00255274, 0.00215327, -0.0132198
24945, -0.00258519, 0.0017775, -0.0130767
24946, -0.00256936, 0.001958, -0.0131429
24947, -0.00259486, 0.00161592, -0.0130229
24954, -0.0025264, 0.00255757, -0.0134102
24955, -0.00250417, 0.00275503, -0.0135337
24956, -0.00253948, 0.00235909, -0.0133113
25086, -0.00263215, 0.00339709, -0.0174665
25115, -0.00268072, 0.00269604, -0.0182459
25121, -0.00264236, 0.00313441, -0.0178781
25122, -0.00265466, 0.00294099, -0.0180677
25123, -0.00262982, 0.00329226, -0.0176756
25130, -0.00274749, 0.00205817, -0.0185411
25131, -0.00279025, 0.00167941, -0.018657
25132, -0.00271295, 0.00239592, -0.0184006
25164, -0.00261211, 0.00371572, -0.0163924
25170, -0.00255803, 0.00378939, -0.0157471
25171, -0.0025799, 0.00377477, -0.0160757
25172, -0.00253513, 0.00379279, -0.0154282
25179, -0.00262875, 0.00358825, -0.0169879
25180, -0.0026291, 0.00351027, -0.0172308
25181, -0.00261983, 0.00366562, -0.0167107
26025, -0.00218725, 0.00147736, -0.013815
26152, -0.00196608, 0.00114365, -0.0155594
26177, -0.00195915, 0.00133595, -0.0148373
26182, -0.00193117, 0.00126514, -0.0151066
26183, -0.00194512, 0.00121123, -0.015333
26201, -0.0020556, 0.00143308, -0.0143018
26202, -0.00212334, 0.00146514, -0.0140526
26203, -0.00199065, 0.00138746, -0.0145703
26235, -0.00210633, 0.000638086, -0.0164021
26241, -0.00222099, 0.00011653, -0.0167769
26242, -0.00217615, 0.000403287, -0.0166017
26243, -0.00229541, -0.000182433, -0.0169204
26250, -0.00202707, 0.000970691, -0.0159841
26251, -0.00199753, 0.00106562, -0.0157669
26252, -0.00207563, 0.000824354, -0.0162024
26390, -0.00259137, 0.00119571, -0.0128435
26419, -0.00261493, 0.00113501, -0.0128416
26425, -0.00261624, 0.00113481, -0.0128197
26426, -0.00261794, 0.0011249, -0.0128274
26427, -0.00260838, 0.00115653, -0.0128263
26434, -0.00261082, 0.00124726, -0.0128952
26435, -0.0026037, 0.00133516, -0.01294
26436, -0.00261991, 0.00118377, -0.0128683
26468, -0.00246395, 0.00140016, -0.013123
26474, -0.00233682, 0.00146783, -0.0134098
26475, -0.00240298, 0.00143832, -0.0132522
26476, -0.00225789, 0.00148068, -0.0136045
26483, -0.00254354, 0.00129839, -0.0129327
26484, -0.00257187, 0.00124333, -0.0128921
26485, -0.00251145, 0.00135092, -0.0130171
30910, -0.00286851, -0.0020025, -0.0154911
31406, -0.0029741, -0.00173618, -0.0168339
31429, -0.00280802, -0.00188784, -0.0158997
31444, -0.0028556, -0.00186859, -0.016176
31449, -0.00283375, -0.00187227, -0.016065
31450, -0.00281875, -0.00188514, -0.0159743
31457, -0.00292076, -0.00181726, -0.0164732
31458, -0.00295721, -0.0017833, -0.0166344
31459, -0.00288637, -0.0018495, -0.0163128
31487, -0.00281155, -0.00190191, -0.015651
31494, -0.00284023, -0.00193463, -0.0155637
31495, -0.0028209, -0.00191153, -0.0156029
31496, -0.0028514, -0.00197083, -0.0155271
31503, -0.0028035, -0.00189014, -0.0157543
31504, -0.00280205, -0.00188639, -0.0158153
31505, -0.00280543, -0.00189408, -0.0156982
31642, -0.00298765, -0.00103828, -0.0183772
31658, -0.00298113, -0.000200495, -0.0186985
31665, -0.00299044, -0.000706123, -0.0185572
31666, -0.00300089, -0.000473287, -0.0186381
31667, -0.00299149, -0.000897204, -0.0184789
31674, -0.00293183, 0.000494847, -0.0187768
31675, -0.00288138, 0.00088178, -0.0187678
31676, -0.00297031, 0.000137925, -0.0187536
31707, -0.00301335, -0.00145451, -0.0177238
31714, -0.00300628, -0.00159676, -0.0172833
31715, -0.00300695, -0.00153947, -0.0175064
31716, -0.00299378, -0.00167591, -0.0170492
31723, -0.00299106, -0.00128226, -0.0181133
31724, -0.00298206, -0.00117832, -0.018247
31725, -0.00299982, -0.00137644, -0.0179406
32363, -0.00294137, -0.00269756, -0.0160287
32388, -0.00284166, -0.00233942, -0.0169926
32403, -0.00290809, -0.00257203, -0.0166773
32408, -0.00289851, -0.00251486, -0.0168199
32409, -0.00287257, -0.00243517, -0.0169162
32419, -0.00293515, -0.00266112, -0.0163539
32420, -0.00294324, -0.00268828, -0.0161857
32421, -0.00292428, -0.00262088, -0.0165249
32450, -0.00264472, -0.00168649, -0.0171575
32457, -0.00251055, -0.00112755, -0.0171533
32458, -0.00258226, -0.00143006, -0.0171677
32459, -0.00244237, -0.000820251, -0.0171063
32468, -0.00275227, -0.00208246, -0.017097
32469, -0.00280226, -0.00223455, -0.0170381
32470, -0.00270358, -0.00190106, -0.0171322
32607, -0.00299258, -0.0024844, -0.0153454
32623, -0.00293263, -0.0022252, -0.0153728
32630, -0.00296544, -0.00235774, -0.0153402
32631, -0.00295203, -0.0022881, -0.0153542
32632, -0.00297916, -0.00242443, -0.0153348
32639, -0.00290362, -0.00210264, -0.0154278
32640, -0.00288852, -0.00205487, -0.0154597
32641, -0.0029181, -0.00216396, -0.0154011
32672, -0.00298559, -0.00267362, -0.0155203
32679, -0.00296695, -0.00271824, -0.0157297
32680, -0.00297587, -0.00269897, -0.015618
32681, -0.00295303, -0.00270821, -0.0158723
32688, -0.00299653, -0.00259164, -0.0154053
32689, -0.00299851, -0.00254083, -0.0153729
32690, -0.00299382, -0.00263909, -0.0154461
