900, -0.00280328, -0.000126406, -0.0194748
1044, -0.00310644, 0.00164997, -0.0209546
24271, -0.00295202, -0.00142439, -0.0175082
24346, -0.00356021, 0.00134237, -0.0191362
24510, -0.00369413, -0.000128547, -0.0181315
24877, -0.00375883, 0.000505188, -0.0184999
24882, -0.0037532, 0.000297331, -0.0183663
24883, -0.00373005, 8.48731e-05, -0.0182416
24890, -0.00370003, 0.00093508, -0.0187989
24891, -0.00363692, 0.00114072, -0.0189609
24892, -0.00373486, 0.000724349, -0.0186499
24920, -0.00339894, -0.000881733, -0.0177531
24927, -0.00319053, -0.00118655, -0.01762
24928, -0.00329947, -0.00104638, -0.0176814
24929, -0.00307239, -0.00131705, -0.0175604
24936, -0.00357447, -0.000520784, -0.0179193
24937, -0.00364183, -0.000330191, -0.0180195
24938, -0.00349048, -0.000700491, -0.0178283
25080, -0.00287411, 0.00254084, -0.0203287
25096, -0.00298156, 0.00237264, -0.0206773
25103, -0.00292439, 0.00252929, -0.0205032
25104, -0.00295433, 0.00246611, -0.0205928
25105, -0.0028956, 0.00255917, -0.020414
25112, -0.00304757, 0.00206441, -0.0208338
25113, -0.00307545, 0.00186718, -0.0209024
25114, -0.00300743, 0.00223967, -0.0207564
25145, -0.00308627, 0.00208828, -0.0198274
25152, -0.00334076, 0.00172143, -0.0194857
25153, -0.00320402, 0.00190622, -0.0196537
25154, -0.00345652, 0.00153508, -0.0193063
25161, -0.00290614, 0.00237618, -0.020113
25162, -0.002873, 0.002473, -0.0202225
25163, -0.0029732, 0.00224051, -0.0199681
26031, -0.00166527, -0.000525561, -0.0179189
26146, -0.00219413, 0.000364436, -0.0187288
26161, -0.00196993, 3.37901e-05, -0.018409
26166, -0.00205564, 0.000163395, -0.0185159
26167, -0.00213239, 0.000277364, -0.0186214
26174, -0.00178892, -0.000251114, -0.0181744
26175, -0.00171835, -0.000387463, -0.0180408
26176, -0.00187809, -0.000101548, -0.0182869
26216, -0.00245133, 0.000382592, -0.019127
26223, -0.00262357, 0.000181887, -0.0193173
26224, -0.00253616, 0.000303335, -0.0192261
26225, -0.00270975, 3.74448e-05, -0.019398
26232, -0.00231153, 0.00044968, -0.0189267
26233, -0.00225533, 0.000426818, -0.0188297
26234, -0.00237919, 0.000433009, -0.0190234
26384, -0.00197371, -0.00146779, -0.0173703
26400, -0.00244806, -0.00161195, -0.0173794
26407, -0.00219346, -0.00157903, -0.0173496
26408, -0.00231376, -0.00160131, -0.0173505
26409, -0.00208292, -0.00152942, -0.017353
26416, -0.0027002, -0.00155958, -0.0174268
26417, -0.00282958, -0.00150611, -0.0174665
26418, -0.0025723, -0.00159234, -0.0173937
26449, -0.00167945, -0.0010664, -0.0175452
26456, -0.00162794, -0.000813825, -0.0177186
26457, -0.00164752, -0.000934475, -0.0176206
26458, -0.00163472, -0.000670918, -0.017809
26465, -0.00179749, -0.00128775, -0.0174282
26466, -0.00188198, -0.0013834, -0.0173937
26467, -0.00172922, -0.00118407, -0.0174772
30918, -0.00313915, 0.00280199, -0.0200037
31400, -0.00388705, 0.00174167, -0.0207974
31435, -0.00395874, 0.00266215, -0.0203365
31460, -0.00406953, 0.00232338, -0.0204866
31465, -0.00405436, 0.00245048, -0.0204346
31466, -0.0040138, 0.002558, -0.0203801
31472, -0.00403726, 0.00205251, -0.0206381
31473, -0.00398266, 0.00191178, -0.0207172
31474, -0.00407437, 0.0021878, -0.0205523
31506, -0.00359436, 0.00286129, -0.020143
31512, -0.00337137, 0.0028697, -0.0200804
31513, -0.00348473, 0.00287982, -0.0201169
31514, -0.0032528, 0.00284792, -0.0200402
31521, -0.00380165, 0.00279254, -0.0202313
31522, -0.0038869, 0.00273866, -0.0202798
31523, -0.00370281, 0.00283283, -0.0201845
31648, -0.00310381, 0.00065166, -0.0211515
31677, -0.00317589, 0.000886843, -0.0210734
31683, -0.00315741, 0.000690109, -0.021115
31684, -0.00317367, 0.00077498, -0.0210932
31685, -0.00312471, 0.000645386, -0.0211359
31692, -0.00315958, 0.00123541, -0.0210303
31693, -0.00313561, 0.00144801, -0.0209924
31694, -0.00317487, 0.00104721, -0.0210596
31726, -0.00334531, 0.00107407, -0.0210816
31732, -0.00364079, 0.00141298, -0.0209515
31733, -0.00348685, 0.00124648, -0.0210156
31734, -0.00378086, 0.00157809, -0.020865
31741, -0.00313065, 0.000795531, -0.0211538
31742, -0.00309481, 0.000684661, -0.021165
31743, -0.00322771, 0.000923608, -0.0211331
32356, -0.00278555, 0.000297019, -0.0198587
32394, -0.00337822, -0.000821448, -0.0198615
32422, -0.00333677, -0.000492167, -0.0199393
32427, -0.00338089, -0.000632407, -0.0199252
32428, -0.00340342, -0.000751138, -0.0199006
32434, -0.00308702, -0.000116961, -0.0199011
32435, -0.00292878, 9.25438e-05, -0.0198855
32436, -0.00322133, -0.00031077, -0.0199288
32471, -0.00312831, -0.000693942, -0.0196808
32477, -0.00297557, -0.000443779, -0.0195926
32478, -0.00305914, -0.000582916, -0.0196359
32479, -0.00289658, -0.000290197, -0.0195366
32486, -0.00326099, -0.000819584, -0.0197675
32487, -0.00332415, -0.000837771, -0.0198187
32488, -0.00319894, -0.000768337, -0.0197259
32613, -0.00242868, 0.00187503, -0.0197932
32642, -0.00270229, 0.00245231, -0.0198755
32648, -0.00253879, 0.00219754, -0.0198403
32649, -0.00261478, 0.00232877, -0.0198571
32650, -0.00247213, 0.00204686, -0.0198074
32657, -0.00291166, 0.0026452, -0.0199322
32658, -0.00302514, 0.0027316, -0.0199667
32659, -0.00279969, 0.00255402, -0.019898
32691, -0.00242591, 0.00112857, -0.0197814
32697, -0.00256249, 0.000717219, -0.0198041
32698, -0.00247983, 0.000935982, -0.0197973
32699, -0.0026668, 0.000505865, -0.0198381
32706, -0.00238307, 0.001504, -0.0197686
32707, -0.00239273, 0.00169621, -0.0197668
32708, -0.00238867, 0.00132086, -0.0197611
