2088, -0.00109367, -0.0028242, -0.00787961
2195, -0.00166532, -0.000433607, -0.0162848
32886, 7.12132e-05, -0.00182022, -0.0105071
32945, 7.40732e-05, 0.00246138, -0.0120637
32968, 0.000591531, 0.00134123, -0.010846
32983, 0.000520575, 0.00210047, -0.0111979
32988, 0.000568434, 0.00188335, -0.0110519
32989, 0.000594047, 0.00164065, -0.0109405
32996, 0.000347462, 0.00236724, -0.0115626
32997, 0.000223601, 0.00244918, -0.0118024
32998, 0.000451368, 0.00226541, -0.011369
33026, 0.000414341, -0.000218504, -0.010621
33033, 0.000248168, -0.00107055, -0.0105812
33034, 0.000341399, -0.000650101, -0.0105995
33035, 0.000159379, -0.00146203, -0.0105491
33042, 0.000523556, 0.000614153, -0.0107148
33043, 0.000566949, 0.000989897, -0.0107674
33044, 0.000476232, 0.00020894, -0.0106707
33179, -0.00113702, 0.00163187, -0.0146187
33195, -0.00139829, 0.000878434, -0.0156189
33202, -0.00126091, 0.00131889, -0.0151323
33203, -0.00132811, 0.00111545, -0.0153785
33204, -0.00120349, 0.00148007, -0.0148895
33211, -0.00153012, 0.000279916, -0.0160168
33212, -0.00159787, -5.83082e-05, -0.0161743
33213, -0.00146539, 0.000588341, -0.0158265
33244, -0.000645145, 0.00219645, -0.0133698
33251, -0.000272654, 0.00239628, -0.0126873
33252, -0.000458665, 0.00230821, -0.0130265
33253, -9.03832e-05, 0.00244957, -0.0123613
33260, -0.000954251, 0.00190584, -0.0140711
33261, -0.0010451, 0.00177479, -0.0143542
33262, -0.000820583, 0.00206095, -0.0137289
33920, -0.00155584, -0.00193861, -0.0083601
33943, -0.00108141, -0.0020629, -0.00813252
33958, -0.00134017, -0.00187063, -0.00813757
33963, -0.00124864, -0.00191687, -0.00814039
33964, -0.00116335, -0.00197885, -0.00811899
33971, -0.00148305, -0.00185419, -0.00820005
33972, -0.00153737, -0.00188026, -0.00826175
33973, -0.00142588, -0.00185337, -0.00816963
34001, -0.000882207, -0.00245481, -0.00812035
34008, -0.000943757, -0.00266569, -0.00804368
34009, -0.00089838, -0.00255977, -0.00809515
34010, -0.000995425, -0.00276012, -0.00797972
34017, -0.000924583, -0.0022589, -0.00813761
34018, -0.000993771, -0.00216428, -0.00813713
34019, -0.00089228, -0.00234556, -0.00813484
34154, -0.000844154, -0.00285244, -0.00964129
34170, -0.000346676, -0.00273671, -0.0102234
34177, -0.000593737, -0.00289816, -0.00995697
34178, -0.000469996, -0.00285274, -0.0101013
34179, -0.000722209, -0.00288895, -0.00982426
34186, -0.000133279, -0.00239344, -0.0103763
34187, -3.18857e-05, -0.00213006, -0.0104586
34188, -0.000234133, -0.00260577, -0.010326
34219, -0.00134885, -0.00239644, -0.00891163
34226, -0.00150376, -0.00213838, -0.00858852
34227, -0.00143277, -0.00226505, -0.00875093
34228, -0.00154321, -0.00202373, -0.00847821
34235, -0.00111457, -0.00265628, -0.0092874
34236, -0.000999433, -0.00277824, -0.00946314
34237, -0.00123872, -0.002532, -0.0091009
39573, -0.00207378, -0.00354796, -0.0110455
40074, -0.00149592, -0.00379807, -0.0135536
40199, -0.00143093, -0.00376429, -0.0117976
40224, -0.00133689, -0.00397097, -0.0124568
40229, -0.00134155, -0.00393047, -0.0122123
40230, -0.00137973, -0.00385948, -0.0119959
40236, -0.00138667, -0.0039351, -0.0129954
40237, -0.00143429, -0.00386627, -0.0132718
40238, -0.0013512, -0.00396343, -0.0127143
40270, -0.001769, -0.00352454, -0.011382
40276, -0.00192363, -0.00352294, -0.0112172
40277, -0.00184453, -0.0035157, -0.011316
40278, -0.00200449, -0.00353371, -0.0111447
40285, -0.00160694, -0.00359037, -0.0115757
40286, -0.00150909, -0.00367224, -0.0116911
40287, -0.00168824, -0.00354488, -0.0114685
40417, -0.00192703, -0.00270375, -0.0158047
40446, -0.0018666, -0.00183195, -0.0163021
40452, -0.00190444, -0.0023422, -0.0160935
40453, -0.00189113, -0.0020939, -0.0162147
40454, -0.00191878, -0.00253778, -0.0159629
40461, -0.00178601, -0.00118351, -0.01638
40462, -0.0017323, -0.00080603, -0.0163585
40463, -0.00183536, -0.00152778, -0.0163594
40496, -0.0017913, -0.00332774, -0.0148236
40502, -0.00164113, -0.00358771, -0.014178
40503, -0.0017164, -0.00346922, -0.0145107
40504, -0.00156232, -0.00369818, -0.0138453
40511, -0.0018829, -0.00301352, -0.0153933
40512, -0.00191197, -0.00285555, -0.0156313
40513, -0.00184271, -0.00316537, -0.0151258
41008, -0.00268598, -0.00406865, -0.00875606
41133, -0.0019201, -0.00367916, -0.00775639
41158, -0.00238254, -0.00388703, -0.00817808
41163, -0.00226483, -0.00383835, -0.00802954
41164, -0.00211048, -0.00377721, -0.00788623
41170, -0.00258519, -0.00401076, -0.00852415
41171, -0.00264215, -0.00404561, -0.00865864
41172, -0.00251719, -0.00395544, -0.0083107
41204, -0.00135037, -0.00313899, -0.00759334
41210, -0.00123332, -0.00294205, -0.00769544
41211, -0.00130155, -0.00302704, -0.00764014
41212, -0.00118031, -0.00287519, -0.00777113
41219, -0.0015745, -0.00341993, -0.00762826
41220, -0.00174961, -0.00356202, -0.00767308
41221, -0.00145596, -0.00327227, -0.00760894
41353, -0.00264171, -0.00385093, -0.00991658
41382, -0.0023848, -0.00363322, -0.0105378
41388, -0.00252668, -0.00373124, -0.0102218
41389, -0.00246184, -0.00367473, -0.0103878
41390, -0.00259126, -0.00379441, -0.0100866
41397, -0.0022321, -0.00357693, -0.0108299
41398, -0.00215529, -0.00356211, -0.0109502
41399, -0.00230812, -0.0035992, -0.0106819
41432, -0.00275992, -0.00404319, -0.00929029
41438, -0.00273621, -0.00408173, -0.00902879
41439, -0.00275979, -0.004072, -0.00916081
41440, -0.00270815, -0.00406879, -0.00889236
41448, -0.00272338, -0.0039606, -0.00959712
41449, -0.00269024, -0.00390601, -0.00975684
41450, -0.00274873, -0.0040046, -0.009442
