2138, -8.75485e-05, -0.00126642, -0.0334707
2146, -0.00387909, 0.00249129, -0.0367974
34817, -0.00174527, -0.00438281, -0.0368803
34886, -0.00295748, 0.000324454, -0.0369454
35005, -0.00264365, -0.00198957, -0.0375573
35009, -0.0026937, -0.00160416, -0.0375745
35010, -0.00275199, -0.001274, -0.0375238
35011, -0.00279554, -0.000932514, -0.0374199
35012, -0.00280878, -0.000578302, -0.0373783
35013, -0.00283743, -0.0002127, -0.0372632
35014, -0.00291845, 8.04825e-05, -0.0371336
35051, -0.00187981, -0.00417933, -0.0370101
35052, -0.00201928, -0.00386037, -0.0372674
35053, -0.00215387, -0.00357065, -0.0373553
35054, -0.00228216, -0.00327055, -0.0374582
35055, -0.00239564, -0.00296296, -0.0375361
35056, -0.00248199, -0.00263918, -0.0375778
35057, -0.00258241, -0.00231898, -0.0376087
35223, -0.00328589, 0.00170408, -0.0362891
35227, -0.00334151, 0.00183212, -0.036392
35228, -0.00341563, 0.00196164, -0.0365042
35229, -0.00350209, 0.00207847, -0.0366015
35230, -0.00358893, 0.00218526, -0.0366818
35231, -0.00367269, 0.00227882, -0.0367295
35232, -0.00375166, 0.00235858, -0.0367587
35233, -0.00381973, 0.00242741, -0.0367789
35276, -0.00301492, 0.00059293, -0.0368099
35277, -0.00308161, 0.000780111, -0.0366281
35278, -0.00311448, 0.000971763, -0.0365249
35279, -0.00314607, 0.00114217, -0.0363607
35280, -0.00318218, 0.00129205, -0.0362393
35281, -0.00320804, 0.00143145, -0.0361751
35282, -0.00323136, 0.00157509, -0.0362122
35816, 0.000940563, -0.00381546, -0.0303548
35935, 0.00135994, -0.00243288, -0.0318236
35939, 0.00132385, -0.00257916, -0.031652
35940, 0.00129404, -0.0027367, -0.0313895
35941, 0.00115818, -0.00291473, -0.0311084
35942, 0.00109185, -0.00314269, -0.0307991
35943, 0.00115091, -0.0034599, -0.0304272
35944, 0.00103922, -0.00359988, -0.0302589
35981, 0.000152196, -0.00142157, -0.0332649
35982, 0.000393666, -0.00156828, -0.0330217
35983, 0.000607529, -0.00171512, -0.0328261
35984, 0.000892155, -0.00185802, -0.0326256
35985, 0.00108451, -0.0019795, -0.0324614
35986, 0.0011909, -0.00210489, -0.0322405
35987, 0.00131324, -0.00229085, -0.0320696
36153, -0.000329802, -0.00481761, -0.0341065
36157, -0.000511972, -0.00489994, -0.0346266
36158, -0.000654818, -0.00499069, -0.0350326
36159, -0.000876144, -0.00497729, -0.0355186
36160, -0.00105824, -0.00492989, -0.0359112
36161, -0.00123401, -0.00482837, -0.0361881
36162, -0.0014629, -0.00469838, -0.0364536
36163, -0.00160295, -0.00453633, -0.036709
36206, 0.000862762, -0.00398212, -0.0302356
36207, 0.000703876, -0.00415628, -0.0306112
36208, 0.000614178, -0.00432036, -0.0308341
36209, 0.000444102, -0.00450085, -0.0315506
36210, 0.00028225, -0.00455275, -0.0320325
36211, 0.000123917, -0.00465491, -0.0328016
36212, -9.68456e-05, -0.00472775, -0.0335162
36793, -0.00302018, 0.0085851, -0.0396301
37293, -0.00391506, 0.00480225, -0.0381497
37328, -0.00381183, 0.00726138, -0.0393435
37333, -0.00386937, 0.00692829, -0.0392551
37334, -0.00389115, 0.00660366, -0.0390875
37336, -0.00389365, 0.00623758, -0.0388977
37337, -0.0038814, 0.00584988, -0.0387958
37338, -0.00386718, 0.0054527, -0.0386004
37339, -0.00386922, 0.00509783, -0.0383864
37384, -0.0031518, 0.00860613, -0.0396616
37385, -0.00327525, 0.0085561, -0.039656
37386, -0.00340812, 0.00846951, -0.0396519
37387, -0.003528, 0.00833099, -0.039612
37388, -0.00363416, 0.00815641, -0.0395773
37389, -0.0037249, 0.00791479, -0.0395051
37392, -0.00378941, 0.00764079, -0.0394107
37604, -0.00384869, 0.00323084, -0.0368324
37608, -0.00387465, 0.00311105, -0.0368347
37609, -0.003905, 0.00299429, -0.036851
37610, -0.00393539, 0.00288625, -0.0368613
37611, -0.00395085, 0.00278505, -0.0368551
37612, -0.00395368, 0.00269459, -0.036841
37613, -0.00394379, 0.00261875, -0.0368247
37614, -0.00391676, 0.00255589, -0.0368084
37667, -0.00391079, 0.0045374, -0.0379536
37668, -0.00392341, 0.00429799, -0.0376895
37669, -0.00391669, 0.00408121, -0.0375066
37670, -0.00387017, 0.00386526, -0.037286
37673, -0.00386288, 0.00365862, -0.0371041
37675, -0.00384713, 0.00351915, -0.0369349
37676, -0.00384008, 0.00337282, -0.0368681
39096, -0.00289275, 0.0018683, -0.0376271
39126, -0.00206978, -0.000168627, -0.0356693
39130, -0.00228173, 6.05991e-06, -0.0359649
39131, -0.00247007, 0.000244241, -0.0362935
39132, -0.00259829, 0.00048162, -0.0365972
39133, -0.00272401, 0.000737099, -0.0368985
39134, -0.00282831, 0.00110076, -0.037116
39135, -0.00286211, 0.00149423, -0.0374003
39173, -0.000361399, -0.00112109, -0.0337537
39174, -0.000605311, -0.000983096, -0.0339703
39175, -0.000853687, -0.000849086, -0.0342288
39176, -0.00109517, -0.000730234, -0.0344955
39177, -0.00134254, -0.000618106, -0.0347567
39178, -0.00164585, -0.000493907, -0.03508
39179, -0.00186927, -0.000321435, -0.0353847
39340, -0.00250319, 0.00611787, -0.038956
39344, -0.0024944, 0.00662078, -0.0390999
39345, -0.00247422, 0.00709441, -0.0392256
39346, -0.00250961, 0.00748634, -0.0393166
39347, -0.00255956, 0.00783466, -0.039366
39348, -0.0026442, 0.00813657, -0.0394868
39349, -0.00277176, 0.00829928, -0.0395755
39350, -0.00289807, 0.00846867, -0.0395954
39395, -0.00291023, 0.00234682, -0.037856
39396, -0.0028504, 0.00284625, -0.0380484
39397, -0.00277839, 0.00337089, -0.038238
39398, -0.0027159, 0.00389987, -0.0384441
39399, -0.00269219, 0.00446085, -0.0385789
39400, -0.00260734, 0.00504004, -0.0386899
39401, -0.00254481, 0.00560198, -0.0388496
