2121, -0.00122051, -0.00554666, -0.0205404
2169, -0.00318106, 0.00108526, -0.0259194
34834, 0.0020008, -0.00364776, -0.0227016
35335, -0.000888927, 4.08282e-05, -0.0250613
35456, 0.000164035, -0.000954447, -0.0242464
35485, -0.000337002, -0.000437248, -0.0246482
35490, -0.000174481, -0.000588228, -0.0245168
35491, -1.50689e-05, -0.000765544, -0.0243884
35498, -0.000633793, -0.000184235, -0.0248663
35499, -0.000765037, -6.8327e-05, -0.0249668
35500, -0.000491761, -0.000310246, -0.0247583
35531, 0.000969033, -0.00202198, -0.0235707
35538, 0.00146162, -0.00274753, -0.0231592
35539, 0.00121258, -0.00235628, -0.0233633
35540, 0.00171861, -0.00318599, -0.0229411
35547, 0.000550669, -0.00141429, -0.0239276
35548, 0.000363632, -0.00116438, -0.0240876
35549, 0.000757345, -0.00169258, -0.0237502
35674, -0.00197466, 0.000787057, -0.0255895
35707, -0.00267847, 0.00097442, -0.0257694
35714, -0.00234092, 0.000896638, -0.025682
35715, -0.00251132, 0.000939419, -0.025726
35716, -0.00215946, 0.000845512, -0.0256363
35723, -0.00296211, 0.00103141, -0.0258467
35724, -0.00308204, 0.00106016, -0.0258826
35725, -0.00282439, 0.00101018, -0.025809
35756, -0.00134482, 0.000448393, -0.0253682
35763, -0.00111615, 0.000252137, -0.0252273
35764, -0.00122847, 0.000350101, -0.0253009
35765, -0.00100443, 0.000145841, -0.0251473
35772, -0.00162887, 0.000640295, -0.0254907
35773, -0.00179672, 0.000715374, -0.0255417
35774, -0.00147877, 0.000551617, -0.0254344
36265, 0.0056983, -0.00992058, -0.0191748
36386, 0.00327029, -0.0082687, -0.0194561
36415, 0.004685, -0.00921323, -0.0191831
36420, 0.00426201, -0.00894184, -0.0192617
36421, 0.00378397, -0.00862205, -0.0193502
36428, 0.00534989, -0.00971492, -0.0191268
36429, 0.00557016, -0.0098391, -0.0191279
36430, 0.00504729, -0.00946606, -0.0191502
36461, 0.000959399, -0.00685645, -0.0199646
36468, -0.000194548, -0.00617758, -0.0202477
36469, 0.000373941, -0.00650754, -0.0201063
36470, -0.000731629, -0.00586164, -0.0203935
36477, 0.00214217, -0.00756446, -0.0196961
36478, 0.00271871, -0.00792206, -0.0195741
36479, 0.00155288, -0.00721091, -0.0198217
36604, 0.0046266, -0.00795384, -0.0205854
36637, 0.0032755, -0.00578722, -0.0216776
36644, 0.00396258, -0.00690959, -0.02112
36645, 0.00362086, -0.0063521, -0.0213949
36646, 0.00429522, -0.00744879, -0.0208452
36653, 0.00261567, -0.00467525, -0.022199
36654, 0.00229506, -0.00414562, -0.0224574
36655, 0.00293614, -0.00521727, -0.0219366
36686, 0.00559582, -0.00950191, -0.0196579
36693, 0.00580861, -0.00983835, -0.0193546
36694, 0.00573301, -0.00970691, -0.0194888
36695, 0.00579398, -0.00992016, -0.0192385
36702, 0.00518396, -0.00885321, -0.0200705
36703, 0.00492539, -0.00843421, -0.0203156
36704, 0.0054157, -0.00918113, -0.019854
36776, -0.00279606, 0.00520271, -0.025666
36831, -0.00385433, 0.00346785, -0.0263842
36858, -0.00393099, 0.00483342, -0.0260224
36869, -0.0040952, 0.00435634, -0.0261993
36874, -0.00406857, 0.00454372, -0.026142
36875, -0.00400442, 0.00470561, -0.0260849
36881, -0.00405085, 0.0039459, -0.0262979
36882, -0.00396517, 0.00372351, -0.0263466
36883, -0.00408084, 0.00415499, -0.026255
36912, -0.00340737, 0.00521975, -0.0258334
36918, -0.00309152, 0.00527204, -0.0257585
36919, -0.0032441, 0.00526067, -0.0257964
36920, -0.00293264, 0.00525688, -0.0257157
36927, -0.00369325, 0.00506627, -0.0259167
36928, -0.00381715, 0.00496031, -0.0259687
36929, -0.00355277, 0.00514966, -0.0258698
37069, -0.00320614, 0.00153192, -0.026314
37081, -0.00336307, 0.00120644, -0.02609
37087, -0.00331603, 0.00132893, -0.0262027
37088, -0.00334575, 0.0012617, -0.0261457
37089, -0.00325945, 0.00141333, -0.0262589
37096, -0.00331378, 0.00113363, -0.0259978
37097, -0.00326119, 0.00111062, -0.025955
37098, -0.00335177, 0.00117336, -0.0260427
37130, -0.00330137, 0.00238004, -0.0264404
37136, -0.00357963, 0.0029369, -0.0264295
37137, -0.00342874, 0.0026628, -0.0264374
37138, -0.00372453, 0.00320606, -0.0264106
37145, -0.00315717, 0.00188544, -0.0264024
37146, -0.0031682, 0.00169168, -0.0263668
37147, -0.00320576, 0.00212276, -0.026422
38441, -0.00281131, -0.000292138, -0.0233868
38546, -0.00331881, -0.0031203, -0.0219311
38574, -0.00326026, -0.00201729, -0.0225404
38637, -0.00331775, -0.00242251, -0.0223293
38638, -0.00334951, -0.00278507, -0.0221247
38644, -0.00306232, -0.00119163, -0.0229584
38646, -0.00294368, -0.000749567, -0.0231739
38648, -0.00318156, -0.00160545, -0.0227493
38677, -0.00272081, -0.00436673, -0.0211852
38683, -0.00209293, -0.00496543, -0.0208513
38684, -0.00241536, -0.00466858, -0.0210181
38685, -0.00168606, -0.00523776, -0.0207033
38692, -0.00314479, -0.00374959, -0.0215423
38693, -0.00324435, -0.00345838, -0.0217225
38694, -0.00295779, -0.00406817, -0.0213604
38858, -0.00213953, 0.00329381, -0.0248635
38870, -0.00232309, 0.00457018, -0.0253626
38876, -0.00218096, 0.00399834, -0.0251336
38877, -0.00224294, 0.00430199, -0.0252592
38878, -0.00214505, 0.00366859, -0.0250069
38885, -0.00253513, 0.00496236, -0.0255352
38886, -0.00267038, 0.00510882, -0.0256123
38887, -0.00241353, 0.0047956, -0.0254573
38919, -0.00232461, 0.00157822, -0.0241837
38925, -0.0025448, 0.000642188, -0.0237954
38926, -0.00242646, 0.00111226, -0.0239937
38927, -0.00267119, 0.000174546, -0.0235912
38934, -0.00217945, 0.00247108, -0.0245405
38935, -0.00214764, 0.00289554, -0.0247074
38936, -0.00224176, 0.00202825, -0.0243678
