927, -0.00436437, 0.00219872, -0.0355715
1005, -0.00430253, 0.00342094, -0.0366583
26947, -0.00431091, -0.00540178, -0.0377271
27012, -0.00485458, -0.00040065, -0.0367338
27135, -0.00521267, -0.00348867, -0.0375066
27162, -0.00516676, -0.00214093, -0.0372373
27164, -0.00521255, -0.00262026, -0.0373614
27165, -0.00521929, -0.00306839, -0.0373996
27170, -0.00496561, -0.000813855, -0.0368343
27171, -0.00506147, -0.00124514, -0.0369936
27172, -0.00511105, -0.00168166, -0.0371292
27208, -0.00489678, -0.00482666, -0.0377007
27210, -0.00476331, -0.00505646, -0.0377403
27211, -0.00462061, -0.00522813, -0.0377631
27212, -0.00446168, -0.00535141, -0.037715
27219, -0.00516857, -0.00388575, -0.0375808
27220, -0.00509199, -0.00422917, -0.0376276
27221, -0.00500396, -0.00456705, -0.0376758
27356, -0.00412136, 0.0021752, -0.0362505
27387, -0.00424954, 0.00285767, -0.0365174
27389, -0.0042182, 0.00270194, -0.0364612
27390, -0.00418441, 0.00253851, -0.0363913
27391, -0.00415536, 0.00235759, -0.0363186
27400, -0.00429852, 0.0032865, -0.0366325
27401, -0.00428761, 0.00314946, -0.0366023
27402, -0.00427147, 0.00300675, -0.0365647
27440, -0.00432023, 0.00110763, -0.0362856
27442, -0.00443485, 0.000773415, -0.0363622
27443, -0.0045743, 0.00039515, -0.0364768
27444, -0.00471697, 4.09008e-06, -0.036593
27451, -0.00411577, 0.00195346, -0.0362182
27452, -0.00414348, 0.00170303, -0.036174
27453, -0.00422618, 0.00141098, -0.0362253
27954, -0.00336135, -0.000902276, -0.0359834
28077, -0.00402983, 0.00101371, -0.0353812
28104, -0.00379864, 0.000297354, -0.035451
28106, -0.00390296, 0.000556542, -0.0353933
28107, -0.00397174, 0.000788733, -0.0353687
28112, -0.00346144, -0.000577399, -0.0358138
28113, -0.0035669, -0.000267539, -0.0356669
28114, -0.00367987, 1.25304e-05, -0.0355482
28150, -0.00416328, 0.00168887, -0.035524
28152, -0.00420517, 0.00182999, -0.0355434
28153, -0.00425232, 0.00195797, -0.0355582
28154, -0.00430709, 0.00208094, -0.035568
28161, -0.00406043, 0.00119628, -0.0354112
28162, -0.00409097, 0.00136964, -0.0354502
28163, -0.00412499, 0.00153588, -0.0354922
28295, -0.0032581, -0.0039251, -0.037247
28326, -0.00368138, -0.00506574, -0.0375983
28328, -0.00356243, -0.00480027, -0.0375055
28329, -0.00344676, -0.00453396, -0.0374266
28330, -0.00334268, -0.00424087, -0.037336
28337, -0.00413739, -0.00541959, -0.0376846
28338, -0.00398657, -0.00534733, -0.0376637
28339, -0.00383549, -0.00521957, -0.0376479
28375, -0.00315805, -0.0023976, -0.036666
28377, -0.00315836, -0.00200801, -0.0365016
28378, -0.00318984, -0.00164372, -0.0363332
28379, -0.00325019, -0.00127673, -0.0361781
28386, -0.00318209, -0.00358174, -0.0370708
28387, -0.00314707, -0.00320734, -0.0369744
28388, -0.00313684, -0.00281288, -0.0368374
28931, -0.00407865, 0.0113126, -0.0396115
29449, -0.0046426, 0.00697164, -0.0380311
29478, -0.00493603, 0.00986352, -0.0392207
29491, -0.00489834, 0.00860909, -0.0388244
29493, -0.00492983, 0.00904584, -0.0389536
29494, -0.00494165, 0.00946222, -0.0390876
29499, -0.00473577, 0.0073662, -0.0382218
29500, -0.00481179, 0.00776914, -0.0384364
29501, -0.00484418, 0.00817298, -0.0386333
29534, -0.00463379, 0.0109919, -0.0395405
29536, -0.00449943, 0.0111417, -0.0395834
29537, -0.0043642, 0.0112728, -0.0396184
29538, -0.00422244, 0.011328, -0.0396324
29545, -0.00488394, 0.0101923, -0.0393385
29546, -0.00479995, 0.0104778, -0.0394178
29547, -0.00472909, 0.010771, -0.0394856
29703, -0.00405971, 0.00459471, -0.0368193
29717, -0.00423202, 0.00396102, -0.0367509
29719, -0.00419505, 0.00410882, -0.036767
29720, -0.00414957, 0.00425943, -0.0367805
29721, -0.00410428, 0.00441958, -0.0367874
29728, -0.00429669, 0.00355378, -0.0366813
29729, -0.00428441, 0.00368609, -0.0367074
29730, -0.0042612, 0.00382135, -0.0367304
29766, -0.00416022, 0.00557206, -0.0372227
29768, -0.00428041, 0.00589749, -0.0374051
29769, -0.00441722, 0.00622558, -0.0375988
29770, -0.00452898, 0.0065943, -0.0378128
29777, -0.00402961, 0.00478347, -0.0368595
29778, -0.00404496, 0.00501333, -0.0369458
29779, -0.00408041, 0.0052821, -0.0370714
30398, -0.00402655, 0.00551049, -0.0369633
30423, -0.00470737, 0.00334974, -0.0356893
30436, -0.00459482, 0.0040856, -0.0360192
30438, -0.00466765, 0.00380842, -0.0358566
30439, -0.00470391, 0.00357332, -0.0357557
30444, -0.00416135, 0.00512346, -0.0366903
30445, -0.00431814, 0.0047664, -0.0364417
30446, -0.00447769, 0.00441827, -0.036226
30486, -0.00456277, 0.00269518, -0.0356119
30488, -0.00451812, 0.0025583, -0.0356
30489, -0.00446865, 0.00243456, -0.0355887
30490, -0.00441884, 0.0023178, -0.0355777
30497, -0.00468288, 0.00315873, -0.035657
30498, -0.00464837, 0.00299254, -0.0356406
30499, -0.00461125, 0.00283682, -0.0356241
30661, -0.00335653, 0.0092154, -0.0387963
30675, -0.00353458, 0.0107028, -0.039326
30677, -0.00346069, 0.0104159, -0.0392181
30678, -0.00339612, 0.0100681, -0.0391124
30679, -0.00336617, 0.00964592, -0.0389528
30686, -0.00393012, 0.0112598, -0.0395609
30687, -0.0037891, 0.0111023, -0.0394921
30688, -0.00365421, 0.0109302, -0.0394136
30728, -0.00351927, 0.00731119, -0.0379951
30730, -0.00361666, 0.00684149, -0.0377501
30731, -0.00372696, 0.00638604, -0.0374783
30732, -0.00388043, 0.00592421, -0.0372201
30739, -0.00334841, 0.00877908, -0.0386072
30740, -0.00338078, 0.00831596, -0.0384173
30741, -0.00344584, 0.00782078, -0.0382124
