928, -0.00438437, 0.00228703, -0.0362015
1004, -0.00434523, 0.00348252, -0.0372754
26946, -0.00435365, -0.00510843, -0.0386909
27013, -0.00480908, -0.000159912, -0.0374807
27134, -0.00509554, -0.00314681, -0.0384214
27163, -0.00509529, -0.00189457, -0.0380855
27168, -0.00512011, -0.00232399, -0.0382053
27169, -0.00511988, -0.00272829, -0.0383155
27176, -0.00496316, -0.000996642, -0.0378167
27177, -0.00489911, -0.000567057, -0.0376385
27178, -0.00503585, -0.00143924, -0.0379731
27209, -0.00485289, -0.0045207, -0.0386055
27216, -0.00463649, -0.00491894, -0.0386918
27217, -0.00475763, -0.00478426, -0.0386443
27218, -0.00449405, -0.00502214, -0.0387014
27225, -0.00501872, -0.00392883, -0.038567
27226, -0.00506472, -0.00356401, -0.0384856
27227, -0.00493607, -0.00425496, -0.0385751
27355, -0.00419317, 0.00228001, -0.0368504
27388, -0.0042936, 0.00295329, -0.037143
27395, -0.00423748, 0.00263561, -0.0370069
27398, -0.00426188, 0.00280144, -0.0370847
27399, -0.00421297, 0.00246049, -0.03693
27406, -0.00433106, 0.00323627, -0.0372241
27408, -0.00434135, 0.00336247, -0.0372512
27409, -0.00431408, 0.00309989, -0.0371897
27441, -0.00435675, 0.00129981, -0.0369295
27448, -0.00459759, 0.000620885, -0.0371985
27449, -0.00447059, 0.000960004, -0.0370327
27450, -0.00470083, 0.000254232, -0.0373739
27457, -0.00423605, 0.00183738, -0.0367896
27458, -0.00419409, 0.00207733, -0.0368159
27459, -0.00428947, 0.0015826, -0.0368574
27955, -0.00351839, -0.000573857, -0.0367612
28076, -0.00406071, 0.00118691, -0.0360062
28105, -0.00386688, 0.000561845, -0.036114
28110, -0.00393791, 0.000784615, -0.0360228
28111, -0.00400938, 0.000992859, -0.0360026
28118, -0.00369751, 6.78914e-05, -0.0364028
28119, -0.00357509, -0.000251569, -0.0365733
28120, -0.00377788, 0.000323396, -0.0362631
28151, -0.00419756, 0.00182963, -0.0361659
28158, -0.00427974, 0.00207678, -0.0361965
28159, -0.00423724, 0.00195927, -0.0361842
28160, -0.00432984, 0.00218388, -0.0361992
28167, -0.00413229, 0.00152759, -0.0360935
28168, -0.00409908, 0.00136068, -0.0360381
28169, -0.00416341, 0.00168441, -0.0361341
28294, -0.00346101, -0.00360888, -0.03816
28327, -0.00383745, -0.0047255, -0.0385324
28334, -0.00360146, -0.00425448, -0.0383568
28335, -0.00370678, -0.00451166, -0.0384263
28336, -0.00352263, -0.00395161, -0.0382624
28343, -0.00407344, -0.00503614, -0.0386036
28344, -0.0042218, -0.00512492, -0.0386633
28345, -0.00395312, -0.00491588, -0.0385935
28376, -0.00337409, -0.00203773, -0.0375396
28383, -0.00342792, -0.00123788, -0.0371937
28384, -0.00341483, -0.0016328, -0.0373543
28385, -0.00346633, -0.000904337, -0.0370017
28392, -0.00338895, -0.00281618, -0.0379358
28393, -0.00344725, -0.00318528, -0.038041
28394, -0.00337788, -0.00242814, -0.0377408
28932, -0.00410256, 0.0111728, -0.0405106
29448, -0.00457429, 0.00682083, -0.0387696
29479, -0.00481009, 0.00967437, -0.0401061
29490, -0.00478335, 0.00844673, -0.0396287
29495, -0.00481785, 0.00886885, -0.0398235
29496, -0.00481915, 0.00927549, -0.0399391
29502, -0.00470044, 0.0075753, -0.0392303
29503, -0.00464359, 0.0071929, -0.0389892
29504, -0.00474009, 0.0080068, -0.03943
29533, -0.0045767, 0.010821, -0.0404111
29539, -0.00435492, 0.0111071, -0.0405389
29540, -0.00447045, 0.0110139, -0.0404855
29541, -0.00421759, 0.0111781, -0.040549
29548, -0.00474092, 0.0103671, -0.0402735
29549, -0.00477428, 0.0100061, -0.0401995
29550, -0.00467226, 0.0106165, -0.0403719
29704, -0.00410969, 0.00460328, -0.0374111
29716, -0.00427215, 0.00398897, -0.0373679
29722, -0.00419319, 0.00427756, -0.0373872
29723, -0.00423348, 0.0041292, -0.0373813
29724, -0.00414763, 0.00443075, -0.037391
29731, -0.00432402, 0.00372678, -0.0373222
29732, -0.00433907, 0.00360447, -0.0372984
29733, -0.00430372, 0.00385377, -0.0373466
29765, -0.004218, 0.0055123, -0.0378475
29771, -0.00439008, 0.00610858, -0.0382949
29772, -0.00431657, 0.00578907, -0.0380723
29773, -0.00449934, 0.00644821, -0.0385794
29780, -0.0040986, 0.00501493, -0.0375341
29781, -0.004093, 0.00479264, -0.0374468
29782, -0.00414555, 0.00523494, -0.0376778
30397, -0.00409437, 0.00539062, -0.0377205
30424, -0.0046883, 0.00337898, -0.0362859
30435, -0.00457197, 0.00405711, -0.0366414
30440, -0.00462985, 0.00380649, -0.0364686
30441, -0.00467087, 0.00358603, -0.0363635
30447, -0.00433224, 0.00467212, -0.0371076
30448, -0.0042209, 0.00501769, -0.0374378
30449, -0.00446178, 0.00436325, -0.0368829
30485, -0.00457508, 0.00273479, -0.0362385
30491, -0.00448445, 0.00249365, -0.0362165
30492, -0.00453029, 0.00260644, -0.0362264
30493, -0.00442976, 0.00238908, -0.0362055
30500, -0.00465644, 0.00302258, -0.0362551
30501, -0.00468418, 0.00319333, -0.036275
30502, -0.00462017, 0.00287247, -0.0362472
30662, -0.0035041, 0.0090864, -0.0396491
30674, -0.0036412, 0.0105408, -0.0402078
30680, -0.00354531, 0.00989298, -0.039981
30681, -0.00358549, 0.0102467, -0.0400818
30682, -0.00350139, 0.0095251, -0.0397995
30689, -0.00384033, 0.0109855, -0.0404136
30690, -0.00397822, 0.0110973, -0.0404857
30691, -0.0037349, 0.0107626, -0.0403106
30727, -0.0036982, 0.0071597, -0.0388339
30733, -0.00387524, 0.00621259, -0.0382808
30734, -0.00380994, 0.0066392, -0.0385645
30735, -0.00397928, 0.00580302, -0.0379888
30742, -0.00358505, 0.00813761, -0.0392735
30743, -0.00352431, 0.00863651, -0.0394704
30744, -0.00362113, 0.00763748, -0.0390668
