640, -0.00444072, 0.00376538, -0.0300808
675, -0.0109626, 0.00013489, -0.0276113
15652, -0.0103668, 0.00120838, -0.0283061
16159, -0.0151367, -0.00404069, -0.0247174
16274, -0.013456, -0.00214768, -0.0261061
16287, -0.0144821, -0.00330513, -0.0253157
16289, -0.0141631, -0.00297459, -0.0255437
16290, -0.0138212, -0.00256759, -0.0258278
16295, -0.0150909, -0.00396514, -0.0247965
16296, -0.0149382, -0.00383999, -0.0249188
16297, -0.0147095, -0.00360183, -0.0250964
16330, -0.0118679, -0.000329699, -0.0273047
16332, -0.0114737, 8.44271e-05, -0.0275822
16333, -0.01109, 0.00050235, -0.0278394
16334, -0.0107049, 0.000868832, -0.0280862
16341, -0.0130758, -0.00170681, -0.0264173
16342, -0.012675, -0.00124676, -0.0267161
16343, -0.0122716, -0.000780113, -0.0270158
16492, -0.0136393, -0.00248434, -0.0256988
16506, -0.0122413, -0.00109292, -0.0266642
16508, -0.0125887, -0.0014334, -0.0264192
16509, -0.0129437, -0.00178241, -0.0261776
16510, -0.0132957, -0.00213219, -0.0259391
16517, -0.0112503, -0.000143755, -0.0273838
16518, -0.011568, -0.000450996, -0.0271438
16519, -0.0118998, -0.00075668, -0.0269086
16555, -0.0147649, -0.00369708, -0.0249334
16557, -0.0149687, -0.00387168, -0.0247961
16558, -0.0150758, -0.00399579, -0.0247234
16559, -0.0151707, -0.00403723, -0.0246962
16566, -0.0139634, -0.00282363, -0.025466
16567, -0.0142797, -0.00313901, -0.0252643
16568, -0.0145505, -0.00343743, -0.0250825
17089, -0.00645872, 0.00287404, -0.0299332
17205, -0.00547619, 0.00342058, -0.0300435
17218, -0.00598283, 0.00319326, -0.0300164
17220, -0.00583211, 0.00328035, -0.0300289
17221, -0.00566129, 0.00335679, -0.0300341
17226, -0.00633867, 0.00293974, -0.0299592
17227, -0.00622369, 0.00301673, -0.0299859
17228, -0.00611052, 0.00310396, -0.03
17261, -0.00478814, 0.0036005, -0.0300618
17263, -0.00466944, 0.00364187, -0.0300657
17264, -0.00456687, 0.00368501, -0.0300669
17265, -0.00448954, 0.00372224, -0.0300721
17272, -0.00528665, 0.00347389, -0.0300498
17273, -0.00510493, 0.00351724, -0.0300541
17274, -0.00493883, 0.00356181, -0.0300582
17423, -0.00797993, 0.00255482, -0.029488
17437, -0.00908292, 0.00213791, -0.0290166
17439, -0.00879006, 0.00229582, -0.0291558
17440, -0.00849841, 0.00241337, -0.0292814
17441, -0.00823122, 0.00250321, -0.029392
17448, -0.010025, 0.00148005, -0.0285102
17449, -0.0096761, 0.00176132, -0.0286964
17450, -0.00939336, 0.00197978, -0.0288609
17486, -0.0070851, 0.00270204, -0.029779
17488, -0.00690232, 0.00273112, -0.029828
17489, -0.00673687, 0.00277122, -0.0298648
17490, -0.00659287, 0.00281523, -0.0299051
17497, -0.00773264, 0.0026034, -0.0295765
17498, -0.007499, 0.00264065, -0.0296537
17499, -0.00728494, 0.00267054, -0.0297193
17601, -0.00528165, 0.00724586, -0.0316958
17650, -0.00766614, 0.00345308, -0.0305463
17683, -0.00669884, 0.00518284, -0.0313388
17710, -0.00712103, 0.00438813, -0.0310523
17712, -0.00697692, 0.00464757, -0.0311544
17713, -0.00684494, 0.00491032, -0.0312548
17718, -0.00752776, 0.00366458, -0.0306853
17719, -0.00739507, 0.00390124, -0.0308178
17720, -0.00725475, 0.00413585, -0.0309402
17756, -0.0060442, 0.0062788, -0.0315883
17758, -0.00586209, 0.00654073, -0.0316285
17759, -0.00567273, 0.00679193, -0.0316592
17760, -0.00547864, 0.00703116, -0.0316802
17767, -0.00654635, 0.00545608, -0.0314151
17768, -0.00638417, 0.00573171, -0.0314833
17769, -0.00621796, 0.00600512, -0.0315396
17894, -0.00901121, 0.00190934, -0.0292444
17925, -0.00988098, 0.00111625, -0.028471
17927, -0.00965287, 0.00132357, -0.0286759
17928, -0.00942262, 0.00152606, -0.0288702
17929, -0.0092123, 0.00172607, -0.029055
17936, -0.0106625, 0.000402449, -0.0278301
17937, -0.0103854, 0.0006495, -0.0280461
17938, -0.010139, 0.000887339, -0.0282626
17974, -0.00827288, 0.00265407, -0.0299365
17976, -0.00812013, 0.00284191, -0.0300984
17977, -0.00797005, 0.00304414, -0.0302566
17978, -0.00781631, 0.00324675, -0.0304022
17985, -0.00882171, 0.00210233, -0.029427
17986, -0.00862873, 0.00228295, -0.0296053
17987, -0.00844716, 0.0024691, -0.0297748
18580, -0.00420953, 0.00630968, -0.0310661
18613, -0.00471769, 0.00443256, -0.0305322
18640, -0.00475289, 0.0050943, -0.0307826
18642, -0.00479078, 0.00482972, -0.030705
18643, -0.00476917, 0.00461357, -0.0306149
18648, -0.00436469, 0.00600558, -0.030994
18649, -0.004522, 0.00570021, -0.0309264
18650, -0.00465713, 0.00539045, -0.0308584
18686, -0.00445761, 0.00400424, -0.0302189
18688, -0.00442736, 0.00393147, -0.0301656
18689, -0.00441529, 0.00387131, -0.0301277
18690, -0.00441302, 0.00381199, -0.0300983
18697, -0.00464178, 0.00428985, -0.0304449
18698, -0.0045675, 0.00418012, -0.0303617
18699, -0.00450456, 0.00408638, -0.0302837
18825, -0.00392267, 0.00793385, -0.0315439
18857, -0.00450274, 0.00787112, -0.0316727
18859, -0.00432985, 0.00794978, -0.0316523
18860, -0.00417856, 0.00798526, -0.0316222
18861, -0.00404128, 0.00798822, -0.0315882
18868, -0.00508146, 0.00744705, -0.0317007
18869, -0.00488477, 0.00762052, -0.0316969
18870, -0.00468374, 0.00775729, -0.0316835
18906, -0.0038047, 0.00736901, -0.0313302
18908, -0.00387179, 0.00713423, -0.0312685
18909, -0.00395213, 0.00688461, -0.0312005
18910, -0.00406623, 0.00659765, -0.0311302
18917, -0.0038429, 0.0078552, -0.0314964
18918, -0.00378777, 0.00772679, -0.0314458
18919, -0.00378411, 0.00755231, -0.0313897
