2139, -0.000766755, -0.000831843, -0.0344421
2144, -0.00387801, 0.00256691, -0.0374155
34816, -0.00224274, -0.00342607, -0.0381168
34887, -0.00276834, 0.000822271, -0.037904
35004, -0.00254738, -0.00128748, -0.0387001
35015, -0.00261513, -0.000279637, -0.0385135
35020, -0.00257436, -0.000609302, -0.038575
35021, -0.00255709, -0.000951999, -0.0386282
35027, -0.0026913, 0.000286797, -0.0382466
35028, -0.00271876, 0.000558273, -0.0380697
35029, -0.00266856, -2.51534e-05, -0.0384009
35058, -0.00245168, -0.00263306, -0.0386034
35064, -0.00235309, -0.00312753, -0.0383826
35065, -0.00239599, -0.00290811, -0.0384618
35066, -0.00230834, -0.0032712, -0.0382335
35073, -0.00252142, -0.0020033, -0.0387025
35074, -0.00252194, -0.0016524, -0.038707
35075, -0.00248624, -0.00231603, -0.0386699
35222, -0.00335739, 0.00192156, -0.0369495
35234, -0.00360676, 0.00233484, -0.0373201
35240, -0.00346017, 0.00214153, -0.0371514
35241, -0.00352589, 0.00224568, -0.0372549
35242, -0.00339462, 0.00203022, -0.0370434
35249, -0.0037591, 0.00247162, -0.0373844
35250, -0.00382168, 0.00252328, -0.0373958
35251, -0.0036882, 0.00241152, -0.0373663
35283, -0.00313618, 0.00154802, -0.0371551
35289, -0.00293725, 0.00129153, -0.0374934
35290, -0.00302681, 0.00143137, -0.0373185
35291, -0.00282166, 0.00108004, -0.0377127
35298, -0.00326207, 0.00173759, -0.0368743
35299, -0.0033143, 0.0018325, -0.0368963
35300, -0.00319378, 0.00164725, -0.0369714
35817, -0.00140386, -0.000967936, -0.0313505
35934, 0.000167603, -0.000806102, -0.0329337
35945, -0.000418464, -0.000733288, -0.0321926
35950, -0.00020205, -0.000713485, -0.0325305
35951, 2.48262e-05, -0.000732488, -0.0326933
35957, -0.000893597, -0.000795452, -0.0316256
35958, -0.00116428, -0.000845259, -0.031452
35959, -0.000656888, -0.000782171, -0.031913
35988, 4.57696e-05, -0.00098423, -0.0335362
35994, -0.000274774, -0.000954583, -0.033975
35995, -6.97129e-05, -0.000991039, -0.0337562
35996, -0.000518774, -0.000897994, -0.0342035
36003, 0.000230396, -0.000934067, -0.0332398
36004, 0.000264957, -0.000873009, -0.0330165
36005, 0.000157518, -0.000954398, -0.0333805
36152, -0.00215167, -0.0029876, -0.0354255
36164, -0.00209283, -0.00365666, -0.037105
36170, -0.00214537, -0.00341016, -0.036409
36171, -0.00212095, -0.00355107, -0.0368217
36172, -0.00216459, -0.00321254, -0.0359541
36179, -0.00216496, -0.0037411, -0.0377134
36180, -0.00219853, -0.00355581, -0.0379225
36181, -0.00208759, -0.00372653, -0.0373382
36213, -0.00201854, -0.00184091, -0.0327206
36219, -0.00175619, -0.001376, -0.031764
36220, -0.00190756, -0.00162928, -0.0321644
36221, -0.00159411, -0.0011749, -0.0314898
36228, -0.00217148, -0.00246613, -0.0340719
36229, -0.00216648, -0.00272546, -0.0348113
36230, -0.002184, -0.00210663, -0.0333194
36794, -0.00299949, 0.00793914, -0.0407528
37292, -0.00356728, 0.00434717, -0.0390251
37329, -0.00350962, 0.0067475, -0.0403537
37366, -0.00350822, 0.00561544, -0.0399561
37371, -0.00348543, 0.0059681, -0.0401118
37372, -0.00349745, 0.00637599, -0.0402527
37381, -0.00353285, 0.00495219, -0.0395739
37382, -0.0035404, 0.00462562, -0.0393423
37383, -0.00353329, 0.00528995, -0.039797
37424, -0.00338257, 0.00778042, -0.0406919
37431, -0.00320673, 0.00795707, -0.0407485
37432, -0.00329641, 0.00793817, -0.0406774
37433, -0.00310801, 0.0079743, -0.0407614
37446, -0.00347996, 0.00735972, -0.0405459
37447, -0.00351788, 0.00708343, -0.0404785
37448, -0.00343826, 0.00760789, -0.0406484
37605, -0.00387378, 0.00315699, -0.0374693
37641, -0.00393888, 0.00278238, -0.0374922
37652, -0.00390382, 0.00296423, -0.0374942
37653, -0.00392765, 0.00286595, -0.0375033
37654, -0.00388999, 0.00306171, -0.0374706
37663, -0.00393596, 0.00265753, -0.037443
37664, -0.00391523, 0.00261324, -0.0374268
37665, -0.00394603, 0.00271772, -0.0374677
37734, -0.00379374, 0.00359814, -0.0379995
37748, -0.0036721, 0.00384743, -0.0385399
37749, -0.00374542, 0.00369742, -0.0382903
37750, -0.0036088, 0.00407494, -0.0388521
37768, -0.0038448, 0.00334101, -0.037605
37770, -0.00385852, 0.00324761, -0.0375304
37772, -0.00380228, 0.00347174, -0.0377701
39095, -0.00349752, 0.00149147, -0.0387168
39127, -0.00258267, -0.000267435, -0.0367008
39157, -0.003259, 0.000177132, -0.0376837
39162, -0.00302907, -1.03977e-05, -0.0373392
39163, -0.00281019, -0.000135581, -0.0370368
39170, -0.00344273, 0.00073378, -0.0382006
39171, -0.00352224, 0.00111223, -0.0385197
39172, -0.00333079, 0.000474228, -0.0379907
39203, -0.00168225, -0.000551369, -0.0354407
39210, -0.00125645, -0.000677311, -0.0349375
39211, -0.00148282, -0.000614752, -0.0351929
39212, -0.00102931, -0.000749523, -0.0347023
39219, -0.00210224, -0.000429004, -0.036029
39220, -0.00233476, -0.00034681, -0.0363581
39221, -0.00187131, -0.000489213, -0.0356961
39341, -0.00281193, 0.00565915, -0.0400464
39376, -0.00271131, 0.00725863, -0.0404973
39383, -0.00270505, 0.00659104, -0.040283
39384, -0.00268632, 0.0069869, -0.0403888
39385, -0.00275819, 0.00614268, -0.0401746
39392, -0.0028087, 0.00774938, -0.0406663
39393, -0.0029075, 0.00785597, -0.0407011
39394, -0.00274469, 0.00757902, -0.0406126
39425, -0.00328032, 0.00343398, -0.0395557
39432, -0.00347335, 0.00232664, -0.039142
39433, -0.00338889, 0.00284394, -0.0393304
39434, -0.00349662, 0.00185441, -0.0389256
39441, -0.00303299, 0.00456694, -0.0398763
39442, -0.00291281, 0.00513581, -0.0399786
39443, -0.00312436, 0.0040146, -0.0396993
