639, -0.00442671, 0.00368943, -0.0294544
676, -0.0109797, 3.10856e-05, -0.0269662
15653, -0.0103569, 0.00138591, -0.0276345
16158, -0.0149131, -0.00376373, -0.0243157
16275, -0.0132823, -0.00191613, -0.0255839
16286, -0.0142532, -0.00304303, -0.0248569
16291, -0.0139517, -0.00270774, -0.0250616
16292, -0.0136377, -0.00232863, -0.0253299
16298, -0.0146829, -0.00357666, -0.0244998
16299, -0.0148258, -0.00371838, -0.0243828
16300, -0.014472, -0.00332653, -0.0246536
16329, -0.0117803, -0.000138998, -0.0266877
16335, -0.0110493, 0.000694891, -0.0271918
16336, -0.0114089, 0.000284625, -0.0269491
16337, -0.0106892, 0.00106297, -0.0274222
16344, -0.0125395, -0.001033, -0.0261463
16345, -0.0129116, -0.00148002, -0.0258676
16346, -0.0121589, -0.000582402, -0.0264151
16493, -0.0135801, -0.00241883, -0.0251686
16505, -0.0122469, -0.00113051, -0.0260727
16511, -0.0129189, -0.00177274, -0.0256146
16512, -0.0125818, -0.00144939, -0.025843
16513, -0.0132525, -0.00209787, -0.0253878
16520, -0.011592, -0.000522203, -0.0265322
16521, -0.0112804, -0.000238924, -0.0267571
16522, -0.0119165, -0.000817988, -0.0263055
16554, -0.0146071, -0.00349053, -0.0244903
16560, -0.0148799, -0.00376604, -0.0243145
16561, -0.0147784, -0.00366099, -0.0243699
16562, -0.014913, -0.00381252, -0.0242857
16569, -0.0141563, -0.00301116, -0.0247759
16570, -0.0138806, -0.00272779, -0.0249623
16571, -0.0144181, -0.00326474, -0.0246104
17088, -0.0064935, 0.00293497, -0.0292973
17206, -0.00548197, 0.00341983, -0.0294238
17217, -0.0059955, 0.00321191, -0.0293949
17222, -0.00583966, 0.00329098, -0.0294093
17223, -0.00566819, 0.00335745, -0.0294157
17229, -0.00624888, 0.00306012, -0.0293577
17230, -0.00636843, 0.00299319, -0.0293267
17231, -0.00612722, 0.00313014, -0.0293759
17260, -0.00479203, 0.00356549, -0.0294386
17266, -0.00455766, 0.00362852, -0.0294426
17267, -0.00466428, 0.00359512, -0.0294389
17268, -0.00448031, 0.00365986, -0.0294452
17275, -0.00510848, 0.00350428, -0.0294322
17276, -0.00529267, 0.00346409, -0.0294291
17277, -0.00494078, 0.00353859, -0.0294358
17424, -0.00804499, 0.00272708, -0.0288004
17436, -0.00912556, 0.00234095, -0.0283261
17442, -0.00856913, 0.00259262, -0.0285849
17443, -0.00884237, 0.00248224, -0.0284623
17444, -0.00828905, 0.00267776, -0.0286992
17451, -0.00972019, 0.00194437, -0.0280106
17452, -0.0100366, 0.00168548, -0.0278286
17453, -0.00940859, 0.00216049, -0.0281741
17485, -0.00713672, 0.00281769, -0.0291144
17491, -0.00678622, 0.00285981, -0.0292207
17492, -0.00694964, 0.00283495, -0.0291712
17493, -0.00663281, 0.00289448, -0.0292572
17500, -0.00756697, 0.0027854, -0.0289774
17501, -0.00779561, 0.00276365, -0.0288984
17502, -0.00734246, 0.00280428, -0.0290555
17600, -0.00520245, 0.00691589, -0.030951
17651, -0.0075932, 0.00318534, -0.029821
17682, -0.00660388, 0.00485379, -0.0305908
17711, -0.0070273, 0.00409034, -0.030309
17716, -0.0068853, 0.00433274, -0.0304119
17717, -0.00675035, 0.00458449, -0.030508
17724, -0.00730661, 0.00361265, -0.0300824
17725, -0.00744331, 0.00339196, -0.0299545
17726, -0.00716727, 0.00384119, -0.0302013
17757, -0.00595816, 0.00593973, -0.0308377
17764, -0.00558918, 0.00645319, -0.0309055
17765, -0.00577833, 0.00619993, -0.0308786
17766, -0.00539669, 0.00669621, -0.0309303
17773, -0.00629715, 0.00539476, -0.0307345
17774, -0.00645272, 0.00512363, -0.0306694
17775, -0.00613008, 0.00566597, -0.0307901
17893, -0.00897812, 0.00172147, -0.0285522
17926, -0.00988651, 0.000953061, -0.0278066
17933, -0.00941682, 0.00135642, -0.0281929
17934, -0.0096519, 0.00116178, -0.0280013
17935, -0.00919595, 0.00154288, -0.0283754
17942, -0.0103957, 0.000515008, -0.0273896
17943, -0.0106751, 0.000282273, -0.0271803
17944, -0.0101415, 0.00073559, -0.0276054
17975, -0.0082235, 0.0024273, -0.0292294
17982, -0.00789363, 0.00278886, -0.0295402
17983, -0.00805109, 0.00260689, -0.029379
17984, -0.00773686, 0.0029816, -0.029683
17991, -0.00858059, 0.00207179, -0.028907
17992, -0.00878099, 0.00190142, -0.028731
17993, -0.00839916, 0.00224455, -0.0290717
18581, -0.00414746, 0.00614775, -0.0304282
18612, -0.00467558, 0.00428894, -0.0299115
18641, -0.00471159, 0.00495133, -0.0301605
18646, -0.00474706, 0.00468201, -0.0300831
18647, -0.00473278, 0.00446928, -0.0299979
18654, -0.0044599, 0.0055442, -0.0302985
18655, -0.00430731, 0.00584955, -0.0303647
18656, -0.00460621, 0.00525061, -0.030232
18687, -0.00443106, 0.00388763, -0.029596
18694, -0.00439663, 0.00376988, -0.0295025
18695, -0.00440435, 0.003826, -0.0295441
18696, -0.00440095, 0.00373017, -0.0294753
18703, -0.00453531, 0.00404566, -0.0297401
18704, -0.00460745, 0.00414928, -0.0298235
18705, -0.00447823, 0.00396125, -0.0296627
18824, -0.00385516, 0.00769838, -0.0308476
18858, -0.00442419, 0.00757588, -0.030945
18865, -0.0041029, 0.00771832, -0.0309173
18866, -0.00424974, 0.00766623, -0.030932
18867, -0.00396396, 0.00772215, -0.0308786
18874, -0.0048032, 0.00730068, -0.0309586
18875, -0.00500302, 0.00712349, -0.0309558
18876, -0.00460982, 0.00745416, -0.0309594
18907, -0.00373056, 0.00716936, -0.0306629
18914, -0.00387923, 0.00670455, -0.0305485
18915, -0.0037989, 0.00694633, -0.0306132
18916, -0.00400713, 0.00642867, -0.0304886
18923, -0.00373119, 0.00751517, -0.0307665
18924, -0.00378359, 0.0076319, -0.0308118
18925, -0.00371194, 0.00735862, -0.0307198
