656, -0.00534072, 0.00492036, -0.04029
659, -0.00942301, 0.00578913, -0.040167
15636, -0.00622072, 0.00149067, -0.0432578
15709, -0.00418769, 0.0082985, -0.0371324
15824, -0.00434846, 0.00446675, -0.040876
15837, -0.00347033, 0.00667588, -0.0389508
15839, -0.00374531, 0.00596444, -0.0396414
15840, -0.00398515, 0.00519398, -0.0402758
15845, -0.00384742, 0.00803464, -0.0374077
15846, -0.00365534, 0.00763366, -0.0376761
15847, -0.00352534, 0.0072419, -0.0382301
15880, -0.00558505, 0.00237025, -0.0425144
15882, -0.00580092, 0.00203441, -0.0428334
15883, -0.00594317, 0.00180658, -0.042956
15884, -0.00610668, 0.00166156, -0.0430321
15891, -0.00467939, 0.0038641, -0.0414099
15892, -0.00498709, 0.00329893, -0.0419265
15893, -0.00530345, 0.0027495, -0.0422368
16042, -0.00797471, 0.00698487, -0.0387777
16056, -0.00902843, 0.00606295, -0.0393804
16058, -0.00889658, 0.00621811, -0.0392847
16059, -0.00867153, 0.00644703, -0.0391417
16060, -0.00835125, 0.00670933, -0.0389893
16067, -0.00932418, 0.00578949, -0.039914
16068, -0.00924734, 0.00583158, -0.0397405
16069, -0.00917135, 0.00590812, -0.0396041
16105, -0.00617258, 0.0081178, -0.0378135
16107, -0.00564613, 0.00829014, -0.0373636
16108, -0.00511098, 0.00841455, -0.0372531
16109, -0.00464027, 0.00845423, -0.0369804
16116, -0.0076684, 0.00728738, -0.0386627
16117, -0.0071532, 0.00766709, -0.038535
16118, -0.00671278, 0.00784669, -0.0380319
16639, -0.00648627, 0.00422546, -0.0414233
16754, -0.00562176, 0.00458643, -0.0400864
16767, -0.00586142, 0.00449097, -0.0403104
16769, -0.0057735, 0.00452216, -0.0401488
16770, -0.00566838, 0.00454645, -0.0400769
16775, -0.00633575, 0.00432965, -0.04116
16776, -0.00617389, 0.00440972, -0.0408021
16777, -0.00601129, 0.00445961, -0.0405396
16810, -0.00541165, 0.00477963, -0.0402776
16812, -0.00537251, 0.00482678, -0.0403056
16813, -0.00534301, 0.00485616, -0.0402959
16814, -0.00534703, 0.00489383, -0.0402859
16821, -0.00555353, 0.00462581, -0.0401247
16822, -0.00550136, 0.0046812, -0.0402211
16823, -0.00545596, 0.00474703, -0.040254
16972, -0.00664472, 0.00233699, -0.0431793
16986, -0.0064777, 0.00159035, -0.0433534
16988, -0.00650896, 0.00170846, -0.0433381
16989, -0.00655073, 0.001887, -0.0433271
16990, -0.0066186, 0.00212799, -0.0432065
16997, -0.00631764, 0.00141013, -0.0432585
16998, -0.006374, 0.00142969, -0.0433328
16999, -0.0064142, 0.00147493, -0.0434197
17035, -0.00671803, 0.00343213, -0.0424687
17037, -0.00667723, 0.00364334, -0.0422448
17038, -0.00665188, 0.00386454, -0.0419924
17039, -0.00659711, 0.00405615, -0.041722
17046, -0.00670044, 0.00262694, -0.0430014
17047, -0.00673362, 0.00290818, -0.0428298
17048, -0.00672604, 0.00318675, -0.0426835
17617, -0.00670198, 0.0100401, -0.0454593
18100, -0.00731398, 0.00571477, -0.0441202
18133, -0.00700849, 0.00829416, -0.0452644
18160, -0.00695697, 0.00701583, -0.0449461
18162, -0.00693353, 0.00741827, -0.0450617
18163, -0.00698297, 0.00791466, -0.0451088
18168, -0.00715388, 0.00596695, -0.0443778
18169, -0.00698124, 0.00625848, -0.0446237
18170, -0.00699116, 0.00663835, -0.0447884
18206, -0.00699024, 0.00959346, -0.0454386
18208, -0.00695189, 0.00979263, -0.0455894
18209, -0.00689425, 0.00992943, -0.0455632
18210, -0.00679082, 0.00998954, -0.0454632
18217, -0.00699701, 0.00865917, -0.0453016
18218, -0.00701952, 0.00906208, -0.0453888
18219, -0.00699573, 0.00935568, -0.0453953
18344, -0.00918844, 0.00548798, -0.041743
18375, -0.00958559, 0.00572738, -0.0407445
18377, -0.00956157, 0.0056884, -0.0409502
18378, -0.00947116, 0.00563015, -0.0411752
18379, -0.00935656, 0.00556425, -0.0414075
18386, -0.00948549, 0.00577046, -0.0403129
18387, -0.00952998, 0.00577174, -0.0404421
18388, -0.00957502, 0.00576172, -0.0405848
18424, -0.00811785, 0.00533346, -0.0429613
18426, -0.00788345, 0.00536828, -0.0432272
18427, -0.00764646, 0.00542737, -0.0436142
18428, -0.00747002, 0.00555457, -0.0438195
18435, -0.00893266, 0.00540416, -0.0419852
18436, -0.00868295, 0.00533246, -0.0423309
18437, -0.00839058, 0.00531289, -0.0426247
19032, -0.00626797, 0.00593088, -0.0422871
19065, -0.00558081, 0.00539904, -0.0404642
19092, -0.00576331, 0.00553436, -0.0409318
19094, -0.00565154, 0.00551243, -0.0406635
19095, -0.00560168, 0.00546051, -0.0405316
19100, -0.00615414, 0.00578249, -0.0419833
19101, -0.00605254, 0.00564829, -0.0415728
19102, -0.00588294, 0.00560122, -0.0412515
19138, -0.00547458, 0.00509792, -0.0403889
19140, -0.00543312, 0.00502807, -0.0403743
19141, -0.00539379, 0.00498626, -0.0403258
19142, -0.00535677, 0.00495146, -0.0403043
19149, -0.00556498, 0.00533732, -0.0404479
19150, -0.00553849, 0.00524568, -0.0404396
19151, -0.00551516, 0.0051679, -0.0404094
19276, -0.00640908, 0.00860296, -0.0444763
19307, -0.00642431, 0.00977335, -0.0450856
19309, -0.00639445, 0.00954351, -0.0449629
19310, -0.00637557, 0.00924196, -0.044816
19311, -0.00638684, 0.00896711, -0.0445926
19318, -0.00662155, 0.0100888, -0.0453591
19319, -0.0065283, 0.0100374, -0.0453078
19320, -0.00647649, 0.00990595, -0.0452625
19356, -0.00648791, 0.00708387, -0.0435981
19358, -0.00650887, 0.00673664, -0.0432803
19359, -0.00646721, 0.0064021, -0.0430001
19360, -0.0063646, 0.00613688, -0.0426092
19367, -0.00645052, 0.00823091, -0.0442816
19368, -0.00649655, 0.00781619, -0.0440649
19369, -0.00644511, 0.00743996, -0.0438458
