2134, 0.000580522, -0.00298418, -0.0299019
2151, -0.00381925, 0.00217689, -0.0342253
34821, 8.55894e-05, -0.00558227, -0.0325152
34882, -0.00275593, -0.00052113, -0.0337012
34890, -0.00272749, -0.000793007, -0.0337242
34891, -0.00268264, -0.00107068, -0.0337525
34892, -0.00260749, -0.00137458, -0.0337678
34893, -0.00252038, -0.00169794, -0.0337569
34894, -0.0024211, -0.0020197, -0.0337552
34895, -0.00227595, -0.00235717, -0.0337282
34896, -0.00213, -0.00270383, -0.0336748
34897, -0.00195174, -0.00305381, -0.033611
34898, -0.00174566, -0.00340032, -0.0335256
34899, -0.00151102, -0.00375712, -0.0334239
34900, -0.00124311, -0.00412482, -0.0332868
34901, -0.000970982, -0.00447778, -0.0331268
34902, -0.000660811, -0.00483558, -0.0329624
34903, -0.000286685, -0.00520338, -0.0327435
35100, -0.00374995, 0.00206595, -0.0342012
35101, -0.00366131, 0.00195651, -0.03417
35102, -0.00356472, 0.0018423, -0.0341277
35103, -0.00345432, 0.00172824, -0.0340734
35104, -0.00333398, 0.00160922, -0.0340053
35105, -0.00321298, 0.00148581, -0.0339243
35106, -0.00308238, 0.00136385, -0.0338359
35107, -0.00295538, 0.00121983, -0.0337529
35108, -0.00283796, 0.0010777, -0.0336799
35109, -0.00277199, 0.000894909, -0.0336175
35110, -0.00273523, 0.000695037, -0.0336001
35111, -0.00272002, 0.000469068, -0.0335912
35112, -0.00273565, 0.000241896, -0.0336064
35113, -0.00274493, -9.89596e-06, -0.0336298
35114, -0.00275881, -0.000262784, -0.0336667
35812, 0.00674355, -0.0106773, -0.0257387
35820, 0.00648972, -0.0103867, -0.0258674
35821, 0.00612133, -0.00995556, -0.0260782
35822, 0.00566675, -0.00937344, -0.026375
35823, 0.00531275, -0.00878736, -0.026736
35824, 0.004856, -0.00814396, -0.0270924
35825, 0.00438626, -0.00748852, -0.0274631
35826, 0.00392975, -0.00684053, -0.0277454
35827, 0.0034935, -0.00621619, -0.0280954
35828, 0.00304431, -0.00562848, -0.0283975
35829, 0.00260091, -0.00508877, -0.0286403
35830, 0.00218779, -0.00461662, -0.0289073
35831, 0.00175673, -0.00416068, -0.0291576
35832, 0.00135588, -0.00374464, -0.0294033
35833, 0.000945312, -0.00333879, -0.0296573
36030, 0.000541261, -0.00599427, -0.0322357
36031, 0.00100074, -0.00640459, -0.0319292
36032, 0.00149569, -0.00680852, -0.0315549
36033, 0.00203228, -0.00722226, -0.0311681
36034, 0.00261157, -0.00763214, -0.0307349
36035, 0.00321977, -0.00805599, -0.0302561
36036, 0.00385445, -0.00849972, -0.0297226
36037, 0.00451562, -0.00894205, -0.0291279
36038, 0.00510595, -0.00936489, -0.0285013
36039, 0.00573507, -0.00982048, -0.0278301
36040, 0.00618501, -0.0102385, -0.0272324
36041, 0.0065655, -0.0105531, -0.0267163
36042, 0.00682969, -0.0108144, -0.0262385
36043, 0.00691563, -0.0108945, -0.0258949
36044, 0.0068815, -0.0108502, -0.0257713
36789, -0.00307404, 0.0088552, -0.0357499
37297, -0.00427997, 0.0054852, -0.035016
37310, -0.00436691, 0.00584764, -0.0351141
37312, -0.00442894, 0.00621871, -0.0352305
37313, -0.00447018, 0.0065805, -0.0353122
37314, -0.00448196, 0.006933, -0.0354272
37315, -0.00446314, 0.00728432, -0.0355166
37316, -0.00441739, 0.0076157, -0.0355827
37317, -0.00435498, 0.00794777, -0.0356563
37318, -0.00425777, 0.00822795, -0.0357109
37319, -0.00413574, 0.00845413, -0.035753
37320, -0.00399206, 0.00864783, -0.0357821
37321, -0.00383432, 0.00879629, -0.0357991
37322, -0.00365415, 0.00888776, -0.0358021
37323, -0.00346349, 0.00893058, -0.0357921
37324, -0.00327011, 0.00892213, -0.0357806
37585, -0.00387049, 0.00228144, -0.0342418
37586, -0.00390593, 0.00238844, -0.0342573
37587, -0.00391896, 0.00250066, -0.0342713
37588, -0.00390802, 0.00261684, -0.0342845
37589, -0.00388308, 0.00273572, -0.0343
37590, -0.00383734, 0.00286084, -0.0343171
37591, -0.00378162, 0.00300151, -0.0343357
37592, -0.00372007, 0.00315599, -0.0343626
37593, -0.00367737, 0.00333736, -0.0343948
37594, -0.00366478, 0.00358442, -0.0344374
37595, -0.00370997, 0.00385606, -0.0345004
37596, -0.00381702, 0.0041588, -0.0345889
37597, -0.00393673, 0.00447569, -0.0346604
37598, -0.00406391, 0.00480206, -0.0347751
37599, -0.00418596, 0.00513395, -0.0349003
39100, -0.0020097, 0.00210187, -0.0336099
39108, -0.00201454, 0.00164854, -0.0333947
39109, -0.0020006, 0.00122003, -0.0331864
39110, -0.00195576, 0.000798172, -0.0329099
39111, -0.00188895, 0.000413528, -0.0326948
39112, -0.00180368, 5.00835e-05, -0.0324314
39114, -0.00166889, -0.000285863, -0.032173
39115, -0.00153009, -0.000597826, -0.0319164
39116, -0.00135539, -0.000895939, -0.0316568
39117, -0.00116034, -0.00118666, -0.0313944
39118, -0.000924397, -0.0014745, -0.0311502
39119, -0.000679534, -0.00175863, -0.0308695
39120, -0.000404206, -0.00205552, -0.0306196
39121, -0.000100197, -0.00235278, -0.0303787
39122, 0.000232763, -0.00266785, -0.0301414
39322, -0.00288297, 0.00872317, -0.0357078
39323, -0.00269534, 0.0085169, -0.0356365
39324, -0.00252755, 0.00830679, -0.0355589
39325, -0.00236305, 0.00801302, -0.0354712
39326, -0.00223771, 0.0076649, -0.0353768
39327, -0.00213213, 0.00726141, -0.0352701
39328, -0.00204508, 0.00681907, -0.0351469
39329, -0.00198817, 0.00633713, -0.035012
39330, -0.00195784, 0.0058234, -0.0348763
39331, -0.00193214, 0.00529098, -0.0347104
39332, -0.00193785, 0.0047398, -0.0345701
39333, -0.00194415, 0.00418778, -0.0344014
39334, -0.00196706, 0.00364713, -0.034219
39335, -0.00199638, 0.0031154, -0.0340172
39336, -0.00201637, 0.00259122, -0.033808
