917, -0.00400387, 0.00130178, -0.0291878
1015, -0.00389186, 0.0027761, -0.0304163
26957, -0.00379837, -0.00462865, -0.0299616
26973, -0.00397952, -0.00455475, -0.029995
26974, -0.00414808, -0.00445889, -0.0300246
26975, -0.00430323, -0.00432496, -0.0300506
26976, -0.00444724, -0.0041474, -0.0300717
26977, -0.00458086, -0.00395411, -0.0300881
26978, -0.00467988, -0.00372911, -0.0301031
26979, -0.00475524, -0.00346197, -0.0301164
26980, -0.00481432, -0.00318198, -0.0301232
26981, -0.00484069, -0.00287699, -0.0301268
26982, -0.00483223, -0.00254695, -0.0301325
26983, -0.0047879, -0.00219717, -0.0301372
26984, -0.00472312, -0.00183763, -0.0301378
26985, -0.00462556, -0.00146282, -0.0301419
26986, -0.00450012, -0.00108787, -0.0301451
26987, -0.00435078, -0.000709256, -0.0301502
26988, -0.00419361, -0.000336358, -0.0301574
26989, -0.00402317, 3.46817e-05, -0.0301635
26990, -0.00386654, 0.000399026, -0.0301754
26991, -0.00372852, 0.000746472, -0.0301859
26992, -0.00363062, 0.00106736, -0.0301996
26993, -0.00359545, 0.00135087, -0.030211
26994, -0.00359843, 0.00159303, -0.0302296
26995, -0.00363538, 0.00179541, -0.0302418
26996, -0.00369506, 0.00196274, -0.0302572
26997, -0.00375371, 0.00210393, -0.0302766
26998, -0.00379677, 0.00222742, -0.0302937
26999, -0.00383253, 0.0023436, -0.030313
27000, -0.00385655, 0.00245731, -0.030334
27001, -0.00387437, 0.0025677, -0.030358
27002, -0.00388757, 0.00267178, -0.0303841
27912, -0.00392022, 0.00118624, -0.0291696
27913, -0.00383254, 0.00106626, -0.0291561
27914, -0.00374508, 0.000937323, -0.0291464
27915, -0.00366212, 0.000801939, -0.0291402
27916, -0.00358553, 0.000656793, -0.0291378
27917, -0.00351579, 0.000498915, -0.02914
27918, -0.00345501, 0.00032426, -0.0291461
27919, -0.00339909, 0.000124988, -0.0291536
27920, -0.00333371, -9.83346e-05, -0.0291619
27921, -0.00326594, -0.000341256, -0.0291707
27922, -0.00317326, -0.000619045, -0.0291785
27923, -0.00305077, -0.00091449, -0.0291852
27924, -0.00291798, -0.00122458, -0.0292008
27925, -0.00278534, -0.00153819, -0.0292184
27926, -0.00265792, -0.0018506, -0.0292371
27927, -0.00255509, -0.00216176, -0.0292693
27928, -0.00247221, -0.00247206, -0.0293052
27929, -0.00241332, -0.00276473, -0.0293404
27930, -0.00238783, -0.00305062, -0.0293851
27931, -0.00238808, -0.00332225, -0.0294345
27932, -0.00241192, -0.00357328, -0.0294807
27933, -0.00246798, -0.00380132, -0.02953
27934, -0.00255347, -0.00400573, -0.0295878
27935, -0.00265436, -0.00419283, -0.0296371
27936, -0.00278347, -0.00434757, -0.0296915
27937, -0.0029337, -0.00448016, -0.0297457
27938, -0.00308644, -0.00457172, -0.0297927
27941, -0.00325482, -0.00463274, -0.0298375
27942, -0.00343464, -0.00466815, -0.029886
27943, -0.00361681, -0.00466546, -0.0299254
28921, -0.00376765, 0.00926632, -0.032183
28937, -0.00393197, 0.00928818, -0.0322095
28938, -0.00408452, 0.00928141, -0.0322247
28939, -0.00423206, 0.00922368, -0.0322297
28940, -0.00436024, 0.00912411, -0.0322222
28941, -0.00448567, 0.00900443, -0.032206
28942, -0.00458771, 0.00883277, -0.0321806
28943, -0.00465763, 0.00862066, -0.032146
28944, -0.00471661, 0.00839094, -0.0321005
28945, -0.00474083, 0.00812804, -0.0320495
28946, -0.00473957, 0.00782203, -0.0319904
28947, -0.00470435, 0.0075117, -0.0319218
28948, -0.00463548, 0.00718179, -0.0318533
28949, -0.00454027, 0.00683245, -0.0317752
28950, -0.00442344, 0.00647547, -0.0316927
28951, -0.00428144, 0.00611287, -0.0316119
28952, -0.00412274, 0.00575146, -0.0315265
28953, -0.003961, 0.00539627, -0.0314413
28954, -0.0038062, 0.00504584, -0.0313493
28955, -0.00366831, 0.00471574, -0.0312571
28956, -0.00358282, 0.004399, -0.0311693
28957, -0.00355582, 0.00410557, -0.0310787
28958, -0.00357891, 0.00388516, -0.0309904
28959, -0.00362355, 0.00369463, -0.0309015
28960, -0.00369659, 0.00353502, -0.0308183
28961, -0.00376028, 0.00340687, -0.0307396
28962, -0.00381105, 0.00329345, -0.0306674
28963, -0.0038486, 0.00318572, -0.0306021
28964, -0.00387408, 0.00308285, -0.0305448
28965, -0.00388743, 0.00298033, -0.0304947
28966, -0.00389422, 0.00287897, -0.0304516
29913, -0.00407582, 0.00141377, -0.0292162
29914, -0.00414627, 0.00152465, -0.0292499
29915, -0.00420983, 0.0016421, -0.0292969
29916, -0.00426648, 0.00175356, -0.0293529
29917, -0.00432856, 0.00187183, -0.0294173
29918, -0.00438835, 0.00199891, -0.0294977
29919, -0.00446284, 0.00213577, -0.0295913
29920, -0.00453066, 0.00230025, -0.029693
29921, -0.00456554, 0.00250244, -0.0298058
29922, -0.00458462, 0.00275378, -0.0299302
29923, -0.00452617, 0.00306825, -0.0300575
29924, -0.00439505, 0.00340876, -0.0301894
29925, -0.00425088, 0.00377408, -0.0303211
29926, -0.00406219, 0.00417122, -0.0304574
29927, -0.00385458, 0.00457388, -0.0305893
29928, -0.00365483, 0.00498741, -0.0307242
29929, -0.00346742, 0.0054013, -0.0308566
29930, -0.00330053, 0.00581782, -0.0309907
29931, -0.00316438, 0.00622325, -0.031118
29932, -0.00305923, 0.00662454, -0.0312473
29933, -0.00298838, 0.00700647, -0.0313715
29934, -0.00294901, 0.00736337, -0.0314876
29935, -0.00293595, 0.00770551, -0.0315982
29936, -0.00296318, 0.00801956, -0.0317037
29937, -0.00301611, 0.00830389, -0.0317993
29938, -0.00310125, 0.00855364, -0.0318888
29939, -0.00320941, 0.00876956, -0.0319683
29940, -0.00333477, 0.00895141, -0.0320389
29941, -0.00346848, 0.00909292, -0.0320973
29942, -0.00361253, 0.0092018, -0.0321463
