650, -0.00481452, 0.00450742, -0.0365042
665, -0.0118181, 0.0027905, -0.0346474
15642, -0.0087768, -0.0012393, -0.0363249
15703, -0.0155453, -0.00466116, -0.0301276
15711, -0.0154941, -0.00465374, -0.0302838
15712, -0.0153005, -0.00448168, -0.0305293
15713, -0.0150771, -0.00431328, -0.0309409
15714, -0.0146743, -0.00400234, -0.0314636
15715, -0.0141699, -0.003719, -0.0320818
15716, -0.0135775, -0.00340244, -0.032672
15717, -0.0129716, -0.00310638, -0.0332889
15718, -0.0123639, -0.00280725, -0.0339085
15719, -0.0117563, -0.00252423, -0.0343594
15720, -0.011167, -0.00230924, -0.0348412
15721, -0.0106315, -0.0020963, -0.03522
15722, -0.0101127, -0.00185532, -0.0355739
15723, -0.00964723, -0.00164779, -0.0358774
15724, -0.00920386, -0.00142887, -0.0361293
15921, -0.0119887, 0.00248386, -0.0344592
15922, -0.0121539, 0.00212709, -0.0341983
15923, -0.0123464, 0.00170783, -0.0339546
15924, -0.0125527, 0.00130491, -0.0336932
15925, -0.0127567, 0.00082408, -0.0334352
15926, -0.012968, 0.000350638, -0.033129
15927, -0.0132137, -0.000189136, -0.0328066
15928, -0.0134243, -0.000734715, -0.032508
15929, -0.0137064, -0.00138276, -0.032156
15930, -0.0140376, -0.00203537, -0.0317737
15931, -0.0143553, -0.00264708, -0.0313559
15932, -0.0146148, -0.00328937, -0.0307846
15933, -0.014945, -0.00383739, -0.0305413
15934, -0.0152663, -0.00428935, -0.0302746
15935, -0.0154498, -0.00455107, -0.0300979
16633, -0.00572537, 0.00234415, -0.036503
16641, -0.00572098, 0.00255826, -0.0364215
16642, -0.00573059, 0.0027655, -0.0363582
16643, -0.0057392, 0.00297761, -0.0362938
16644, -0.00573541, 0.0031813, -0.0362447
16645, -0.00568615, 0.00336452, -0.0362325
16646, -0.00559316, 0.00353347, -0.0362355
16647, -0.00548903, 0.00367439, -0.0362661
16648, -0.00535525, 0.00379763, -0.0363067
16649, -0.005224, 0.00390081, -0.036354
16650, -0.0051061, 0.00400141, -0.0363998
16651, -0.00500822, 0.00409725, -0.0364374
16652, -0.0049281, 0.00419707, -0.0364651
16653, -0.00486743, 0.00430643, -0.0364802
16654, -0.00482828, 0.00440494, -0.0364952
16851, -0.00838982, -0.00104242, -0.0365329
16852, -0.00806065, -0.000860937, -0.0367003
16853, -0.00773342, -0.000665442, -0.0367589
16854, -0.00744739, -0.000450969, -0.036856
16855, -0.00717235, -0.000232194, -0.0369304
16856, -0.00692966, -8.50178e-06, -0.0369841
16857, -0.00669057, 0.000219153, -0.0369919
16858, -0.00649792, 0.00045509, -0.0369782
16859, -0.00632935, 0.000689058, -0.0369909
16860, -0.00617909, 0.000931841, -0.036964
16861, -0.00604027, 0.00117918, -0.0369247
16862, -0.00593234, 0.00141342, -0.0368393
16863, -0.0058524, 0.00165409, -0.0367741
16864, -0.00578826, 0.00189554, -0.036707
16865, -0.00573636, 0.00211654, -0.0365907
17611, -0.00614956, 0.0107923, -0.0394361
18106, -0.00879517, 0.00642639, -0.0381789
18114, -0.00862392, 0.00671397, -0.0383762
18115, -0.00846816, 0.00702704, -0.038546
18116, -0.00831209, 0.00735327, -0.0387092
18117, -0.00816113, 0.00770359, -0.0388428
18118, -0.00801545, 0.00806018, -0.0389532
18119, -0.00786318, 0.0084321, -0.0390712
18120, -0.00772078, 0.00880132, -0.0391711
18121, -0.00756055, 0.00914695, -0.0392495
18122, -0.00738687, 0.00947905, -0.0393125
18123, -0.00720129, 0.00978411, -0.0393652
18124, -0.00700992, 0.0100728, -0.0394186
18125, -0.00680619, 0.0103164, -0.0394497
18126, -0.00659642, 0.0105147, -0.0394576
18127, -0.00636328, 0.0106786, -0.0394422
18324, -0.0116474, 0.00308119, -0.0349177
18325, -0.011464, 0.00335958, -0.0350978
18326, -0.0113031, 0.00361269, -0.0353102
18327, -0.0111224, 0.00385241, -0.0355451
18328, -0.0109467, 0.00408146, -0.0357654
18329, -0.0107604, 0.00429256, -0.0359959
18330, -0.0105682, 0.00448829, -0.0362205
18331, -0.0103712, 0.00468366, -0.0364438
18332, -0.0101697, 0.00486926, -0.0366837
18333, -0.00995811, 0.00505323, -0.036907
18334, -0.00974736, 0.00526224, -0.0371365
18335, -0.00955076, 0.00546092, -0.0373598
18336, -0.00936277, 0.00567958, -0.0375901
18337, -0.0091604, 0.00591052, -0.037762
18338, -0.00898214, 0.00615619, -0.037974
19038, -0.00478966, 0.00748037, -0.0375079
19046, -0.00490116, 0.0071532, -0.0373676
19047, -0.00501415, 0.00682544, -0.0372095
19048, -0.00514607, 0.00652736, -0.0370682
19049, -0.00522535, 0.00622248, -0.0369465
19050, -0.00525739, 0.00595926, -0.0368547
19051, -0.00524218, 0.00573424, -0.0367659
19052, -0.00519154, 0.00553611, -0.0367159
19053, -0.00512221, 0.00536889, -0.0366625
19054, -0.00504695, 0.00522391, -0.0366274
19055, -0.00497621, 0.00509127, -0.0365952
19056, -0.00491757, 0.00496348, -0.0365694
19057, -0.00486996, 0.00484066, -0.036547
19058, -0.0048383, 0.00472482, -0.0365294
19059, -0.00481183, 0.00461438, -0.0365163
19256, -0.00593257, 0.0108713, -0.0394186
19257, -0.00571418, 0.0108976, -0.0393708
19258, -0.00550216, 0.0108667, -0.0392912
19259, -0.00530729, 0.0108181, -0.0392261
19260, -0.00513344, 0.010702, -0.0391436
19261, -0.0049781, 0.0105339, -0.0390532
19262, -0.00482877, 0.0103381, -0.0389253
19263, -0.00472504, 0.0100821, -0.0387913
19264, -0.0046418, 0.00981974, -0.0386713
19265, -0.00458769, 0.00950931, -0.0385164
19266, -0.00455711, 0.00919446, -0.038369
19267, -0.00455863, 0.00885253, -0.0382046
19268, -0.00457601, 0.00850351, -0.038036
19269, -0.00462569, 0.0081634, -0.037872
19270, -0.00470893, 0.00781109, -0.0376899
